<WeldAnalyseData xmlns:i="http:www.w3.org/2001/XMLSchema-instance">
<WeldParameter>
<TimeStamp>DT#2024-01-25-15:30:08</TimeStamp>
<Generator>SG-22-10000</Generator>
<GenFreq>20</GenFreq>
<MaxForce>8000</MaxForce>
<MaxPower>10000</MaxPower>
<RunupPressure>1.5</RunupPressure>
<RunupDist>10</RunupDist>
<RunPress>0.8</RunPress>
<ShakeDelay>0.03</ShakeDelay>
<ShakeTime>0.3</ShakeTime>
<RunBackPress1>6</RunBackPress1>
<RunBackPress2>2</RunBackPress2>
<RunBackDist>1</RunBackDist>
<TrigValue>500</TrigValue>
<TrigModeUnit>W</TrigModeUnit>
<WeldModeUnit>Ws</WeldModeUnit>
<PressNr>0</PressNr>
<MaxLoss>1500</MaxLoss>
</WeldParameter>
<WeldSets>
<WeldSet>
<PressRiseTime>0</PressRiseTime>
<RunPressure>1</RunPressure>
<Amplitude>86</Amplitude>
<WeldMode>3270</WeldMode>
</WeldSet>
</WeldSets>
<WeldValue>
<WeldNr>3049</WeldNr>
<RecipeName>RickStyle</RecipeName>
<WeldTime>1684</WeldTime>
<DistDiff>2.48</DistDiff>
<DistAbs>78.03</DistAbs>
<Energy>3271.04</Energy>
<MaxPower>2163.36</MaxPower>
<CycleTime>6050</CycleTime>
<TrigForce>506.607</TrigForce>
<TrigDist>75.55</TrigDist>
<RunSpeed>68.0631</RunSpeed>
<MaxForce>623.066</MaxForce>
<LossPower>325.423</LossPower>
</WeldValue>
</WeldAnalyseData>
#CSV-START#
ms;Power[W];Force[N];Distance[mm]
1;0;0;0
2;0;508.56;0
3;0;506.607;0
4;0;510.514;0
5;0;508.56;0
6;0;508.56;0
7;0;508.56;0
8;0;486.831;0.00999451
9;0;429.456;0.0199966
10;0;409.925;0.0399933
11;0;386.242;0.0699997
12;24.9298;350.597;0.0999985
13;84.4409;334.727;0.129997
14;158.296;317.148;0.169998
15;232.456;311.045;0.219994
16;294.103;291.269;0.259995
17;350.867;283.456;0.309998
18;412.82;267.586;0.360001
19;472.026;291.269;0.409996
20;526.349;287.362;0.449997
21;580.672;269.539;0.5
22;654.527;319.102;0.539993
23;728.687;299.326;0.579994
24;795.522;309.091;0.610001
25;859.611;305.185;0.639999
26;913.934;323.008;0.669998
27;956.049;334.727;0.699997
28;1010.37;358.409;0.719994
29;1081.79;344.737;0.729996
30;1136.11;376.232;0.739998
31;1183.11;399.915;0.75
32;1224.92;358.409;0.759995
33;1237.43;394.055;0.769997
34;1249.64;396.008;0.769997
35;1279.24;411.878;0.779999
36;1323.8;399.915;0.779999
37;1353.4;409.925;0.789993
38;1385.45;396.008;0.799995
39;1395.52;439.467;0.799995
40;1393.07;419.691;0.809998
41;1402.84;399.915;0.809998
42;1452.28;457.289;0.82
43;1491.65;427.503;0.82
44;1523.69;427.503;0.829994
45;1548.41;419.691;0.829994
46;1558.48;435.56;0.839996
47;1560.93;433.607;0.839996
48;1590.53;447.279;0.849998
49;1652.18;411.878;0.860001
50;1691.85;437.513;0.860001
51;1726.34;457.289;0.869995
52;1738.54;405.774;0.879997
53;1733.66;439.467;0.879997
54;1721.45;441.42;0.889999
55;1751.06;451.186;0.899994
56;1792.87;437.513;0.909996
57;1820.03;437.513;0.909996
58;1837.42;439.467;0.919998
59;1832.54;472.915;0.919998
60;1810.26;447.279;0.93
61;1805.38;441.42;0.939995
62;1854.51;494.644;0.939995
63;1894.19;465.102;0.949997
64;1923.79;467.055;0.949997
65;1936;451.186;0.959999
66;1926.23;477.065;0.959999
67;1908.84;469.008;0.969994
68;1931.12;494.644;0.979996
69;1987.88;445.326;0.979996
70;2027.55;469.008;0.989998
71;2044.64;504.654;0.989998
72;2044.64;451.186;1
73;2017.48;475.112;1
74;1990.32;472.915;1
75;2010.16;492.691;1.00999
76;2044.64;469.008;1.00999
77;2062.04;479.019;1.02
78;2064.48;461.196;1.02
79;2044.64;512.467;1.03
80;2007.72;492.691;1.03
81;1993.07;459.243;1.03999
82;2037.32;522.477;1.03999
83;2071.81;494.644;1.05
84;2089.2;496.597;1.05
85;2091.64;482.925;1.05
86;2071.81;508.56;1.06
87;2042.2;498.795;1.06
88;2057.16;518.326;1.07
89;2109.04;470.962;1.07
90;2138.64;498.795;1.07
91;2150.85;526.383;1.07999
92;2143.52;467.055;1.07999
93;2106.6;502.701;1.07999
94;2074.55;502.701;1.09
95;2091.64;516.373;1.09
96;2118.8;498.795;1.09
97;2131.32;502.701;1.1
98;2131.32;492.691;1.1
99;2101.71;534.196;1.1
100;2059.6;512.467;1.11
101;2042.2;488.784;1.11
102;2081.88;550.066;1.11
103;2113.92;514.42;1.12
104;2128.88;510.514;1.12
105;2121.25;500.748;1.12
106;2098.97;522.477;1.12
107;2066.92;520.524;1.13
108;2076.99;526.383;1.13
109;2128.88;492.691;1.13
110;2153.29;520.524;1.14
111;2163.36;534.196;1.14
112;2150.85;479.019;1.14
113;2111.48;514.42;1.14999
114;2079.44;516.373;1.14999
115;2096.53;522.477;1.14999
116;2123.69;510.514;1.16
117;2136.2;508.56;1.16
118;2128.88;508.56;1.16
119;2098.97;540.056;1.16
120;2057.16;512.467;1.17
121;2039.76;504.654;1.17
122;2081.88;557.878;1.17
123;2106.6;520.524;1.17
124;2121.25;516.373;1.18
125;2116.36;510.514;1.18
126;2089.2;536.149;1.18
127;2057.16;522.477;1.18
128;2057.16;548.112;1.18999
129;2101.71;500.748;1.18999
130;2136.2;522.477;1.18999
131;2148.41;555.925;1.18999
132;2148.41;498.795;1.2
133;2116.36;522.477;1.2
134;2074.55;520.524;1.2
135;2069.36;534.196;1.21
136;2096.53;512.467;1.21
137;2106.6;526.383;1.21
138;2111.48;506.607;1.21
139;2089.2;553.972;1.21999
140;2047.39;530.29;1.21999
141;2012.6;500.748;1.21999
142;2037.32;561.785;1.21999
143;2074.55;532.243;1.23
144;2086.76;532.243;1.23
145;2094.08;518.326;1.23
146;2076.99;542.009;1.23
147;2044.64;530.29;1.23
148;2037.32;550.066;1.24
149;2086.76;504.654;1.24
150;2121.25;530.29;1.24
151;2133.76;561.785;1.24
152;2131.32;496.597;1.24
153;2098.97;530.29;1.25
154;2054.72;530.29;1.25
155;2049.83;544.206;1.25
156;2076.99;522.477;1.25
157;2084.32;526.383;1.25
158;2084.32;518.326;1.25999
159;2064.48;557.878;1.25999
160;2020.23;532.243;1.25999
161;1980.56;510.514;1.25999
162;2010.16;571.795;1.27
163;2042.2;536.149;1.27
164;2054.72;534.196;1.27
165;2057.16;528.336;1.27
166;2037.32;544.206;1.27
167;2005.28;542.009;1.28
168;1995.51;552.019;1.28
169;2042.2;512.467;1.28
170;2069.36;542.009;1.28
171;2081.88;559.832;1.28
172;2076.99;504.654;1.28
173;2047.39;536.149;1.28999
174;2010.16;540.056;1.28999
175;2005.28;550.066;1.28999
176;2032.44;534.196;1.28999
177;2042.2;528.336;1.28999
178;2044.64;528.336;1.3
179;2022.67;561.785;1.3
180;1983;532.243;1.3
181;1948.51;526.383;1.3
182;1980.56;577.654;1.3
183;2010.16;544.206;1.3
184;2025.11;538.102;1.31
185;2027.55;536.149;1.31
186;2007.72;550.066;1.31
187;1978.11;548.112;1.31
188;1975.67;561.785;1.31
189;2022.67;516.373;1.31
190;2052.27;546.159;1.32
191;2066.92;569.842;1.32
192;2062.04;508.56;1.32
193;2034.88;544.206;1.32
194;1995.51;542.009;1.32
195;1993.07;553.972;1.32
196;2020.23;534.196;1.32999
197;2027.55;538.102;1.32999
198;2030;532.243;1.32999
199;2007.72;567.888;1.32999
200;1965.91;540.056;1.32999
201;1936;526.383;1.32999
202;1960.72;583.514;1.32999
203;1993.07;546.159;1.34
204;2007.72;544.206;1.34
205;2007.72;540.056;1.34
206;1990.32;552.019;1.34
207;1958.28;557.878;1.34
208;1953.39;559.832;1.34
209;1997.95;530.29;1.34
210;2027.55;557.878;1.35
211;2039.76;565.935;1.35
212;2034.88;518.326;1.35
213;2000.39;548.112;1.35
214;1965.91;553.972;1.35
215;1965.91;557.878;1.35
216;1987.88;542.009;1.35
217;1997.95;538.102;1.36
218;1997.95;526.383;1.36
219;1975.67;573.748;1.36
220;1936;553.972;1.36
221;1908.84;522.477;1.36
222;1938.75;579.608;1.36
223;1970.79;553.972;1.36
224;1980.56;555.925;1.37
225;1985.44;540.056;1.37
226;1963.16;563.738;1.37
227;1931.12;552.019;1.37
228;1931.12;575.701;1.37
229;1978.11;528.336;1.37
230;2002.83;552.019;1.37
231;2015.04;581.561;1.38
232;2012.6;520.524;1.38
233;1980.56;552.019;1.38
234;1946.07;548.112;1.38
235;1948.51;563.738;1.38
236;1975.67;542.009;1.38
237;1983;550.066;1.38
238;1985.44;534.196;1.38
239;1963.16;581.561;1.39
240;1923.79;555.925;1.39
241;1896.63;526.383;1.39
242;1926.23;591.571;1.39
243;1958.28;555.925;1.39
244;1968.35;557.878;1.39
245;1970.79;544.206;1.39
246;1950.95;561.785;1.39999
247;1918.91;557.878;1.39999
248;1918.91;575.701;1.39999
249;1965.91;532.243;1.39999
250;1993.07;557.878;1.39999
251;2002.83;579.608;1.39999
252;1997.95;520.524;1.39999
253;1968.35;553.972;1.41
254;1933.56;555.925;1.41
255;1933.56;567.888;1.41
256;1958.28;548.112;1.41
257;1968.35;550.066;1.41
258;1968.35;544.206;1.41
259;1946.07;581.561;1.41
260;1906.4;555.925;1.41
261;1879.23;536.149;1.42
262;1911.58;595.477;1.42
263;1938.75;557.878;1.42
264;1953.39;553.972;1.42
265;1953.39;550.066;1.42
266;1936;565.935;1.42
267;1908.84;569.842;1.42
268;1906.4;571.795;1.42
269;1953.39;538.102;1.43
270;1978.11;565.935;1.43
271;1990.32;577.654;1.43
272;1983;528.336;1.43
273;1953.39;559.832;1.43
274;1921.35;563.738;1.43
275;1923.79;567.888;1.43
276;1946.07;555.925;1.43
277;1955.84;550.066;1.43999
278;1955.84;555.925;1.43999
279;1938.75;581.561;1.43999
280;1899.07;567.888;1.43999
281;1869.47;534.196;1.43999
282;1903.95;589.618;1.43999
283;1931.12;567.888;1.43999
284;1941.19;567.888;1.43999
285;1943.63;553.972;1.45
286;1926.23;575.701;1.45
287;1896.63;565.935;1.45
288;1901.51;589.618;1.45
289;1946.07;542.009;1.45
290;1970.79;563.738;1.45
291;1985.44;593.524;1.45
292;1978.11;534.196;1.45
293;1948.51;563.738;1.46
294;1911.58;559.832;1.46
295;1918.91;577.654;1.46
296;1943.63;553.972;1.46
297;1950.95;563.738;1.46
298;1953.39;548.112;1.46
299;1926.23;595.477;1.46
300;1889.31;569.842;1.46
301;1867.03;542.009;1.46999
302;1901.51;601.337;1.46999
303;1928.67;569.842;1.46999
304;1936;569.842;1.46999
305;1938.75;557.878;1.46999
306;1918.91;577.654;1.46999
307;1891.75;571.795;1.46999
308;1896.63;587.42;1.46999
309;1943.63;546.159;1.46999
310;1965.91;571.795;1.48
311;1975.67;595.477;1.48
312;1970.79;536.149;1.48
313;1938.75;571.795;1.48
314;1906.4;567.888;1.48
315;1914.03;581.561;1.48
316;1938.75;565.935;1.48
317;1948.51;565.935;1.48
318;1946.07;561.785;1.49
319;1921.35;597.43;1.49
320;1884.42;569.842;1.49
321;1864.59;553.972;1.49
322;1899.07;613.3;1.49
323;1923.79;573.748;1.49
324;1933.56;571.795;1.49
325;1938.75;565.935;1.49
326;1918.91;579.608;1.49
327;1889.31;585.467;1.5
328;1896.63;587.42;1.5
329;1941.19;555.925;1.5
330;1965.91;585.467;1.5
331;1975.67;593.524;1.5
332;1968.35;546.159;1.5
333;1938.75;575.701;1.5
334;1906.4;579.608;1.5
335;1911.58;583.514;1.50999
336;1936;571.795;1.50999
337;1941.19;563.738;1.50999
338;1946.07;569.842;1.50999
339;1921.35;597.43;1.50999
340;1881.68;565.935;1.50999
341;1864.59;563.738;1.50999
342;1901.51;615.253;1.50999
343;1923.79;579.608;1.50999
344;1933.56;577.654;1.50999
345;1933.56;567.888;1.52
346;1918.91;583.514;1.52
347;1889.31;581.561;1.52
348;1896.63;593.524;1.52
349;1943.63;553.972;1.52
350;1963.16;581.561;1.52
351;1975.67;599.384;1.52
352;1970.79;544.206;1.52
353;1933.56;573.748;1.52
354;1903.95;579.608;1.53
355;1914.03;587.42;1.53
356;1938.75;571.795;1.53
357;1941.19;567.888;1.53
358;1946.07;569.842;1.53
359;1918.91;599.384;1.53
360;1879.23;571.795;1.53
361;1862.14;561.785;1.53
362;1899.07;613.3;1.53
363;1918.91;577.654;1.53
364;1933.56;573.748;1.53999
365;1933.56;573.748;1.53999
366;1911.58;583.514;1.53999
367;1886.86;591.571;1.53999
368;1896.63;589.618;1.53999
369;1941.19;561.785;1.53999
370;1963.16;591.571;1.53999
371;1975.67;593.524;1.53999
372;1968.35;552.019;1.53999
373;1936;573.748;1.53999
374;1903.95;571.795;1.55
375;1916.47;591.571;1.55
376;1936;567.888;1.55
377;1943.63;579.608;1.55
378;1943.63;557.878;1.55
379;1918.91;607.196;1.55
380;1876.79;583.514;1.55
381;1859.7;550.066;1.55
382;1901.51;615.253;1.55
383;1923.79;579.608;1.55
384;1931.12;583.514;1.56
385;1936;569.842;1.56
386;1911.58;589.618;1.56
387;1886.86;581.561;1.56
388;1896.63;605.243;1.56
389;1938.75;553.972;1.56
390;1963.16;579.608;1.56
391;1973.23;609.149;1.56
392;1965.91;546.159;1.56
393;1933.56;577.654;1.56
394;1903.95;577.654;1.57
395;1911.58;589.618;1.57
396;1936;571.795;1.57
397;1941.19;575.701;1.57
398;1941.19;561.785;1.57
399;1918.91;605.243;1.57
400;1876.79;581.561;1.57
401;1864.59;555.925;1.57
402;1896.63;617.206;1.57
403;1918.91;581.561;1.57
404;1931.12;579.608;1.57
405;1931.12;571.795;1.57999
406;1911.58;587.42;1.57999
407;1881.68;583.514;1.57999
408;1896.63;597.43;1.57999
409;1941.19;555.925;1.57999
410;1963.16;585.467;1.57999
411;1973.23;601.337;1.57999
412;1963.16;546.159;1.57999
413;1928.67;577.654;1.57999
414;1901.51;579.608;1.57999
415;1916.47;587.42;1.57999
416;1936;571.795;1.59
417;1943.63;569.842;1.59
418;1941.19;569.842;1.59
419;1916.47;603.29;1.59
420;1876.79;573.748;1.59
421;1864.59;563.738;1.59
422;1901.51;615.253;1.59
423;1921.35;581.561;1.59
424;1933.56;575.701;1.59
425;1931.12;575.701;1.59
426;1911.58;587.42;1.59
427;1884.42;591.571;1.6
428;1901.51;591.571;1.6
429;1943.63;561.785;1.6
430;1960.72;589.618;1.6
431;1970.79;593.524;1.6
432;1965.91;553.972;1.6
433;1931.12;579.608;1.6
434;1901.51;585.467;1.6
435;1916.47;591.571;1.6
436;1936;567.888;1.6
437;1943.63;579.608;1.61
438;1943.63;559.832;1.61
439;1914.03;609.149;1.61
440;1876.79;583.514;1.61
441;1864.59;552.019;1.61
442;1903.95;613.3;1.61
443;1923.79;583.514;1.61
444;1933.56;583.514;1.61
445;1933.56;571.795;1.61
446;1908.84;589.618;1.61
447;1884.42;581.561;1.61
448;1906.4;603.29;1.61
449;1946.07;557.878;1.62
450;1963.16;579.608;1.62
451;1975.67;607.196;1.62
452;1963.16;548.112;1.62
453;1928.67;579.608;1.62
454;1901.51;575.701;1.62
455;1916.47;589.618;1.62
456;1938.75;569.842;1.62
457;1943.63;577.654;1.62
458;1941.19;561.785;1.62
459;1914.03;607.196;1.62
460;1884.42;579.608;1.62
461;1859.7;557.878;1.63
462;1896.63;619.16;1.63
463;1918.91;581.561;1.63
464;1931.12;579.608;1.63
465;1933.56;571.795;1.63
466;1914.03;587.42;1.63
467;1886.86;585.467;1.63
468;1894.19;597.43;1.63
469;1938.75;557.878;1.63
470;1960.72;587.42;1.63
471;1973.23;601.337;1.63
472;1965.91;548.112;1.63
473;1936;577.654;1.64
474;1906.4;579.608;1.64
475;1911.58;589.618;1.64
476;1936;573.748;1.64
477;1943.63;571.795;1.64
478;1943.63;569.842;1.64
479;1921.35;603.29;1.64
480;1881.68;575.701;1.64
481;1859.7;563.738;1.64
482;1896.63;615.253;1.64
483;1921.35;581.561;1.64
484;1931.12;575.701;1.64999
485;1933.56;571.795;1.64999
486;1916.47;585.467;1.64999
487;1886.86;591.571;1.64999
488;1896.63;591.571;1.64999
489;1941.19;565.935;1.64999
490;1963.16;593.524;1.64999
491;1975.67;597.43;1.64999
492;1968.35;553.972;1.64999
493;1936;579.608;1.64999
494;1906.4;589.618;1.64999
495;1914.03;587.42;1.64999
496;1938.75;575.701;1.64999
497;1943.63;573.748;1.66
498;1941.19;565.935;1.66
499;1918.91;605.243;1.66
500;1881.68;577.654;1.66
501;1864.59;561.785;1.66
502;1901.51;619.16;1.66
503;1923.79;581.561;1.66
504;1933.56;579.608;1.66
505;1936;573.748;1.66
506;1916.47;587.42;1.66
507;1889.31;589.618;1.66
508;1899.07;593.524;1.67
509;1943.63;561.785;1.67
510;1963.16;589.618;1.67
511;1975.67;599.384;1.67
512;1968.35;550.066;1.67
513;1936;579.608;1.67
514;1906.4;585.467;1.67
515;1916.47;589.618;1.67
516;1936;575.701;1.67
517;1943.63;569.842;1.67
518;1943.63;575.701;1.67
519;1921.35;599.384;1.67
520;1879.23;573.748;1.67
521;1864.59;569.842;1.68
522;1901.51;615.253;1.68
523;1923.79;581.561;1.68
524;1933.56;577.654;1.68
525;1936;575.701;1.68
526;1914.03;585.467;1.68
527;1889.31;599.384;1.68
528;1899.07;609.149;1.68
529;1941.19;557.878;1.68
530;1965.91;581.561;1.68
531;1975.67;615.253;1.68
532;1968.35;553.972;1.68
533;1933.56;579.608;1.68
534;1906.4;577.654;1.68999
535;1916.47;593.524;1.68999
536;1938.75;571.795;1.68999
537;1943.63;577.654;1.68999
538;1943.63;561.785;1.68999
539;1916.47;611.347;1.68999
540;1881.68;585.467;1.68999
541;1862.14;555.925;1.68999
542;1901.51;615.253;1.68999
543;1923.79;585.467;1.68999
544;1933.56;585.467;1.68999
545;1933.56;573.748;1.68999
546;1914.03;593.524;1.7
547;1886.86;585.467;1.7
548;1899.07;603.29;1.7
549;1946.07;557.878;1.7
550;1963.16;583.514;1.7
551;1975.67;609.149;1.7
552;1968.35;548.112;1.7
553;1933.56;581.561;1.7
554;1906.4;581.561;1.7
555;1918.91;591.571;1.7
556;1941.19;575.701;1.7
557;1943.63;579.608;1.7
558;1946.07;569.842;1.7
559;1921.35;607.196;1.71
560;1881.68;579.608;1.71
561;1864.59;561.785;1.71
562;1906.4;623.066;1.71
563;1926.23;583.514;1.71
564;1936;581.561;1.71
565;1936;575.701;1.71
566;1916.47;591.571;1.71
567;1886.86;591.571;1.71
568;1903.95;597.43;1.71
569;1946.07;561.785;1.71
570;1965.91;591.571;1.71
571;1975.67;601.337;1.71
572;1968.35;552.019;1.71999
573;1933.56;579.608;1.71999
574;1906.4;585.467;1.71999
575;1918.91;593.524;1.71999
576;1941.19;577.654;1.71999
577;1943.63;571.795;1.71999
578;1946.07;575.701;1.71999
579;1918.91;603.29;1.71999
580;1881.68;575.701;1.71999
581;1867.03;569.842;1.71999
582;1903.95;615.253;1.71999
583;1923.79;583.514;1.71999
584;1933.56;577.654;1.71999
585;1933.56;577.654;1.73
586;1914.03;587.42;1.73
587;1886.86;599.384;1.73
588;1903.95;589.618;1.73
589;1948.51;557.878;1.73
590;1968.35;581.561;1.73
591;1978.11;615.253;1.73
592;1965.91;555.925;1.73
593;1933.56;579.608;1.73
594;1908.84;579.608;1.73
595;1921.35;593.524;1.73
596;1943.63;571.795;1.73
597;1948.51;581.561;1.73
598;1946.07;561.785;1.74
599;1918.91;611.347;1.74
600;1879.23;587.42;1.74
601;1869.47;555.925;1.74
602;1906.4;619.16;1.74
603;1926.23;585.467;1.74
604;1938.75;585.467;1.74
605;1936;573.748;1.74
606;1914.03;593.524;1.74
607;1889.31;583.514;1.74
608;1906.4;603.29;1.74
609;1948.51;559.832;1.74
610;1965.91;583.514;1.74
611;1978.11;611.347;1.74
612;1968.35;550.066;1.75
613;1933.56;581.561;1.75
614;1906.4;579.608;1.75
615;1923.79;593.524;1.75
616;1946.07;575.701;1.75
617;1950.95;575.701;1.75
618;1946.07;565.935;1.75
619;1918.91;607.196;1.75
620;1879.23;579.608;1.75
621;1871.91;561.785;1.75
622;1906.4;623.066;1.75
623;1928.67;583.514;1.75
624;1933.56;581.561;1.75999
625;1938.75;573.748;1.75999
626;1923.79;589.618;1.75999
627;1896.63;591.571;1.75999
628;1891.75;597.43;1.75999
629;1938.75;561.785;1.75999
630;1963.16;589.618;1.75999
631;1978.11;601.337;1.75999
632;1975.67;550.066;1.75999
633;1948.51;583.514;1.75999
634;1914.03;585.467;1.75999
635;1916.47;591.571;1.75999
636;1941.19;577.654;1.75999
637;1948.51;569.842;1.75999
638;1955.84;573.748;1.77
639;1936;603.29;1.77
640;1899.07;573.748;1.77
641;1871.91;571.795;1.77
642;1899.07;617.206;1.77
643;1926.23;583.514;1.77
644;1938.75;577.654;1.77
645;1941.19;573.748;1.77
646;1928.67;587.42;1.77
647;1896.63;595.477;1.77
648;1894.19;591.571;1.77
649;1938.75;569.842;1.77
650;1965.91;599.384;1.77
651;1978.11;603.29;1.78
652;1978.11;548.112;1.78
653;1946.07;581.561;1.78
654;1914.03;581.561;1.78
655;1914.03;591.571;1.78
656;1938.75;573.748;1.78
657;1948.51;573.748;1.78
658;1950.95;569.842;1.78
659;1933.56;603.29;1.78
660;1894.19;575.701;1.78
661;1869.47;565.935;1.78
662;1901.51;617.206;1.78
663;1931.12;581.561;1.78
664;1943.63;577.654;1.78
665;1943.63;573.748;1.78999
666;1928.67;585.467;1.78999
667;1899.07;595.477;1.78999
668;1899.07;593.524;1.78999
669;1943.63;563.738;1.78999
670;1965.91;593.524;1.78999
671;1978.11;597.43;1.78999
672;1980.56;553.972;1.78999
673;1948.51;581.561;1.78999
674;1914.03;587.42;1.78999
675;1916.47;589.618;1.78999
676;1943.63;575.701;1.78999
677;1948.51;565.935;1.78999
678;1953.39;577.654;1.78999
679;1933.56;597.43;1.8
680;1896.63;569.842;1.8
681;1871.91;573.748;1.8
682;1903.95;611.347;1.8
683;1931.12;585.467;1.8
684;1941.19;587.42;1.8
685;1948.51;571.795;1.8
686;1931.12;591.571;1.8
687;1901.51;583.514;1.8
688;1901.51;605.243;1.8
689;1946.07;555.925;1.8
690;1968.35;579.608;1.8
691;1978.11;611.347;1.8
692;1975.67;548.112;1.81
693;1946.07;581.561;1.81
694;1914.03;575.701;1.81
695;1918.91;589.618;1.81
696;1943.63;569.842;1.81
697;1953.39;577.654;1.81
698;1955.84;561.785;1.81
699;1936;609.149;1.81
700;1899.07;581.561;1.81
701;1874.35;555.925;1.81
702;1906.4;619.16;1.81
703;1933.56;583.514;1.81
704;1946.07;581.561;1.81
705;1946.07;571.795;1.81
706;1931.12;589.618;1.81
707;1903.95;585.467;1.82
708;1903.95;601.337;1.82
709;1948.51;557.878;1.82
710;1973.23;585.467;1.82
711;1983;603.29;1.82
712;1980.56;546.159;1.82
713;1950.95;579.608;1.82
714;1916.47;581.561;1.82
715;1921.35;589.618;1.82
716;1948.51;573.748;1.82
717;1955.84;571.795;1.82
718;1960.72;571.795;1.82
719;1936;601.337;1.82
720;1896.63;577.654;1.82
721;1874.35;563.738;1.82999
722;1906.4;617.206;1.82999
723;1936;579.608;1.82999
724;1946.07;577.654;1.82999
725;1946.07;575.701;1.82999
726;1931.12;585.467;1.82999
727;1901.51;591.571;1.82999
728;1906.4;593.524;1.82999
729;1950.95;561.785;1.82999
730;1973.23;593.524;1.82999
731;1985.44;593.524;1.82999
732;1980.56;553.972;1.82999
733;1946.07;579.608;1.82999
734;1914.03;585.467;1.82999
735;1921.35;587.42;1.82999
736;1948.51;573.748;1.84
737;1955.84;563.738;1.84
738;1953.39;575.701;1.84
739;1933.56;595.477;1.84
740;1896.63;567.888;1.84
741;1871.91;569.842;1.84
742;1906.4;609.149;1.84
743;1933.56;583.514;1.84
744;1943.63;583.514;1.84
745;1946.07;569.842;1.84
746;1928.67;593.524;1.84
747;1901.51;583.514;1.84
748;1906.4;605.243;1.84
749;1950.95;555.925;1.84
750;1973.23;579.608;1.84
751;1985.44;611.347;1.85
752;1978.11;548.112;1.85
753;1948.51;577.654;1.85
754;1914.03;575.701;1.85
755;1923.79;589.618;1.85
756;1948.51;569.842;1.85
757;1958.28;579.608;1.85
758;1955.84;563.738;1.85
759;1936;607.196;1.85
760;1896.63;583.514;1.85
761;1874.35;557.878;1.85
762;1911.58;619.16;1.85
763;1936;583.514;1.85
764;1946.07;581.561;1.85
765;1950.95;571.795;1.85
766;1931.12;587.42;1.86
767;1903.95;587.42;1.86
768;1906.4;599.384;1.86
769;1955.84;557.878;1.86
770;1978.11;583.514;1.86
771;1990.32;601.337;1.86
772;1983;546.159;1.86
773;1948.51;581.561;1.86
774;1918.91;583.514;1.86
775;1928.67;587.42;1.86
776;1950.95;573.748;1.86
777;1958.28;571.795;1.86
778;1960.72;567.888;1.86
779;1936;603.29;1.86
780;1896.63;575.701;1.87
781;1876.79;563.738;1.87
782;1914.03;617.206;1.87
783;1938.75;581.561;1.87
784;1948.51;575.701;1.87
785;1948.51;571.795;1.87
786;1931.12;587.42;1.87
787;1903.95;589.618;1.87
788;1908.84;593.524;1.87
789;1955.84;563.738;1.87
790;1978.11;591.571;1.87
791;1990.32;597.43;1.87
792;1983;553.972;1.87
793;1950.95;581.561;1.87
794;1918.91;585.467;1.87
795;1931.12;589.618;1.88
796;1955.84;573.748;1.88
797;1960.72;565.935;1.88
798;1960.72;577.654;1.88
799;1938.75;597.43;1.88
800;1896.63;567.888;1.88
801;1881.68;573.748;1.88
802;1916.47;611.347;1.88
803;1941.19;581.561;1.88
804;1950.95;573.748;1.88
805;1953.39;575.701;1.88
806;1931.12;587.42;1.88
807;1906.4;589.618;1.88
808;1914.03;595.477;1.88
809;1960.72;559.832;1.88
810;1980.56;587.42;1.89
811;1993.07;599.384;1.89
812;1983;548.112;1.89
813;1950.95;577.654;1.89
814;1916.47;585.467;1.89
815;1931.12;589.618;1.89
816;1955.84;575.701;1.89
817;1960.72;569.842;1.89
818;1960.72;573.748;1.89
819;1936;601.337;1.89
820;1899.07;573.748;1.89
821;1881.68;565.935;1.89
822;1916.47;617.206;1.89
823;1941.19;583.514;1.89
824;1950.95;575.701;1.89999
825;1953.39;575.701;1.89999
826;1931.12;589.618;1.89999
827;1906.4;595.477;1.89999
828;1914.03;589.618;1.89999
829;1960.72;567.888;1.89999
830;1980.56;593.524;1.89999
831;1993.07;591.571;1.89999
832;1980.56;555.925;1.89999
833;1948.51;579.608;1.89999
834;1921.35;587.42;1.89999
835;1933.56;589.618;1.89999
836;1958.28;575.701;1.89999
837;1960.72;577.654;1.89999
838;1960.72;561.785;1.89999
839;1936;609.149;1.89999
840;1899.07;581.561;1.91
841;1881.68;553.972;1.91
842;1921.35;615.253;1.91
843;1943.63;583.514;1.91
844;1953.39;581.561;1.91
845;1955.84;571.795;1.91
846;1933.56;589.618;1.91
847;1906.4;583.514;1.91
848;1918.91;601.337;1.91
849;1963.16;555.925;1.91
850;1985.44;581.561;1.91
851;1993.07;605.243;1.91
852;1983;546.159;1.91
853;1950.95;577.654;1.91
854;1923.79;575.701;1.91
855;1938.75;591.571;1.92
856;1958.28;571.795;1.92
857;1963.16;575.701;1.92
858;1960.72;565.935;1.92
859;1938.75;605.243;1.92
860;1899.07;575.701;1.92
861;1881.68;555.925;1.92
862;1921.35;619.16;1.92
863;1946.07;579.608;1.92
864;1953.39;577.654;1.92
865;1953.39;571.795;1.92
866;1931.12;585.467;1.92
867;1906.4;587.42;1.92
868;1921.35;593.524;1.92
869;1968.35;559.832;1.92
870;1985.44;587.42;1.93
871;1995.51;599.384;1.93
872;1985.44;548.112;1.93
873;1950.95;579.608;1.93
874;1923.79;583.514;1.93
875;1941.19;589.618;1.93
876;1963.16;573.748;1.93
877;1970.79;567.888;1.93
878;1965.91;571.795;1.93
879;1938.75;599.384;1.93
880;1901.51;571.795;1.93
881;1886.86;565.935;1.93
882;1926.23;613.3;1.93
883;1946.07;579.608;1.93
884;1955.84;577.654;1.93
885;1958.28;575.701;1.93999
886;1933.56;585.467;1.93999
887;1906.4;595.477;1.93999
888;1923.79;587.42;1.93999
889;1968.35;565.935;1.93999
890;1990.32;593.524;1.93999
891;2000.39;589.618;1.93999
892;1985.44;555.925;1.93999
893;1950.95;579.608;1.93999
894;1926.23;587.42;1.93999
895;1941.19;587.42;1.93999
896;1963.16;575.701;1.93999
897;1968.35;563.738;1.93999
898;1968.35;579.608;1.93999
899;1938.75;607.196;1.93999
900;1899.07;581.561;1.93999
901;1891.75;552.019;1.95
902;1928.67;615.253;1.95
903;1948.51;581.561;1.95
904;1958.28;583.514;1.95
905;1955.84;569.842;1.95
906;1933.56;589.618;1.95
907;1906.4;581.561;1.95
908;1926.23;601.337;1.95
909;1968.35;553.972;1.95
910;1987.88;581.561;1.95
911;1997.95;605.243;1.95
912;1985.44;548.112;1.95
913;1953.39;579.608;1.95
914;1926.23;577.654;1.95
915;1946.07;587.42;1.96
916;1965.91;571.795;1.96
917;1970.79;573.748;1.96
918;1968.35;563.738;1.96
919;1941.19;605.243;1.96
920;1899.07;579.608;1.96
921;1891.75;557.878;1.96
922;1931.12;619.16;1.96
923;1950.95;579.608;1.96
924;1960.72;577.654;1.96
925;1958.28;573.748;1.96
926;1936;587.42;1.96
927;1908.84;587.42;1.96
928;1928.67;593.524;1.96
929;1970.79;559.832;1.96
930;1990.32;587.42;1.96
931;1997.95;597.43;1.96999
932;1985.44;546.159;1.96999
933;1950.95;577.654;1.96999
934;1926.23;581.561;1.96999
935;1946.07;587.42;1.96999
936;1965.91;573.748;1.96999
937;1970.79;569.842;1.96999
938;1963.16;569.842;1.96999
939;1936;601.337;1.96999
940;1899.07;569.842;1.96999
941;1894.19;565.935;1.96999
942;1931.12;615.253;1.96999
943;1948.51;579.608;1.96999
944;1960.72;571.795;1.96999
945;1958.28;571.795;1.96999
946;1933.56;585.467;1.98
947;1906.4;593.524;1.98
948;1914.03;589.618;1.98
949;1960.72;565.935;1.98
950;1985.44;593.524;1.98
951;1997.95;589.618;1.98
952;1995.51;553.972;1.98
953;1965.91;577.654;1.98
954;1933.56;585.467;1.98
955;1936;587.42;1.98
956;1963.16;575.701;1.98
957;1968.35;563.738;1.98
958;1973.23;579.608;1.98
959;1950.95;595.477;1.98
960;1911.58;563.738;1.98
961;1889.31;559.832;1.98
962;1918.91;617.206;1.99
963;1948.51;579.608;1.99
964;1958.28;577.654;1.99
965;1963.16;573.748;1.99
966;1946.07;585.467;1.99
967;1916.47;589.618;1.99
968;1916.47;589.618;1.99
969;1960.72;561.785;1.99
970;1985.44;589.618;1.99
971;1997.95;591.571;1.99
972;1995.51;550.066;1.99
973;1968.35;579.608;1.99
974;1933.56;583.514;1.99
975;1941.19;587.42;1.99
976;1965.91;571.795;1.99
977;1973.23;563.738;2
978;1978.11;573.748;2
979;1953.39;595.477;2
980;1916.47;567.888;2
981;1891.75;569.842;2
982;1923.79;607.196;2
983;1948.51;579.608;2
984;1960.72;569.842;2
985;1965.91;573.748;2
986;1946.07;581.561;2
987;1918.91;599.384;2
988;1918.91;585.467;2
989;1968.35;565.935;2
990;1990.32;597.43;2
991;2002.83;585.467;2
992;1997.95;548.112;2.00999
993;1968.35;577.654;2.00999
994;1936;573.748;2.00999
995;1938.75;589.618;2.00999
996;1965.91;569.842;2.00999
997;1975.67;575.701;2.00999
998;1973.23;561.785;2.00999
999;1955.84;609.149;2.00999
1000;1911.58;581.561;2.00999
1001;1891.75;553.972;2.00999
1002;1926.23;619.16;2.00999
1003;1953.39;583.514;2.00999
1004;1963.16;579.608;2.00999
1005;1968.35;571.795;2.00999
1006;1948.51;587.42;2.00999
1007;1918.91;583.514;2.00999
1008;1923.79;597.43;2.02
1009;1968.35;553.972;2.02
1010;1993.07;583.514;2.02
1011;2002.83;601.337;2.02
1012;1997.95;544.206;2.02
1013;1970.79;577.654;2.02
1014;1936;579.608;2.02
1015;1946.07;587.42;2.02
1016;1968.35;569.842;2.02
1017;1975.67;571.795;2.02
1018;1975.67;567.888;2.02
1019;1955.84;603.29;2.02
1020;1916.47;571.795;2.02
1021;1896.63;559.832;2.02
1022;1926.23;617.206;2.02
1023;1953.39;579.608;2.03
1024;1963.16;575.701;2.03
1025;1965.91;575.701;2.03
1026;1946.07;585.467;2.03
1027;1918.91;589.618;2.03
1028;1926.23;593.524;2.03
1029;1973.23;561.785;2.03
1030;1997.95;587.42;2.03
1031;2005.28;593.524;2.03
1032;2000.39;550.066;2.03
1033;1973.23;577.654;2.03
1034;1938.75;581.561;2.03
1035;1946.07;587.42;2.03
1036;1970.79;573.748;2.03
1037;1978.11;565.935;2.03
1038;1980.56;571.795;2.03
1039;1958.28;597.43;2.03999
1040;1916.47;567.888;2.03999
1041;1896.63;569.842;2.03999
1042;1931.12;609.149;2.03999
1043;1955.84;579.608;2.03999
1044;1970.79;571.795;2.03999
1045;1970.79;575.701;2.03999
1046;1950.95;585.467;2.03999
1047;1921.35;595.477;2.03999
1048;1923.79;583.514;2.03999
1049;1973.23;565.935;2.03999
1050;1997.95;595.477;2.03999
1051;2007.72;583.514;2.03999
1052;2002.83;555.925;2.03999
1053;1968.35;579.608;2.03999
1054;1938.75;573.748;2.05
1055;1948.51;589.618;2.05
1056;1973.23;569.842;2.05
1057;1980.56;575.701;2.05
1058;1983;563.738;2.05
1059;1960.72;609.149;2.05
1060;1916.47;579.608;2.05
1061;1899.07;553.972;2.05
1062;1933.56;617.206;2.05
1063;1960.72;579.608;2.05
1064;1970.79;579.608;2.05
1065;1970.79;569.842;2.05
1066;1950.95;587.42;2.05
1067;1921.35;583.514;2.05
1068;1931.12;597.43;2.05
1069;1978.11;555.925;2.05
1070;2000.39;583.514;2.06
1071;2012.6;603.29;2.06
1072;2005.28;546.159;2.06
1073;1975.67;577.654;2.06
1074;1943.63;579.608;2.06
1075;1955.84;589.618;2.06
1076;1975.67;569.842;2.06
1077;1983;571.795;2.06
1078;1983;567.888;2.06
1079;1960.72;603.29;2.06
1080;1918.91;573.748;2.06
1081;1899.07;561.785;2.06
1082;1938.75;615.253;2.06
1083;1960.72;579.608;2.06
1084;1973.23;573.748;2.06
1085;1973.23;571.795;2.07
1086;1953.39;585.467;2.07
1087;1923.79;589.618;2.07
1088;1933.56;589.618;2.07
1089;1980.56;559.832;2.07
1090;2002.83;587.42;2.07
1091;2012.6;595.477;2.07
1092;2007.72;550.066;2.07
1093;1975.67;577.654;2.07
1094;1943.63;583.514;2.07
1095;1955.84;587.42;2.07
1096;1980.56;573.748;2.07
1097;1985.44;561.785;2.07
1098;1985.44;573.748;2.07
1099;1960.72;597.43;2.07
1100;1918.91;565.935;2.07
1101;1906.4;569.842;2.07
1102;1941.19;609.149;2.07999
1103;1965.91;579.608;2.07999
1104;1975.67;571.795;2.07999
1105;1973.23;569.842;2.07999
1106;1953.39;583.514;2.07999
1107;1923.79;595.477;2.07999
1108;1936;585.467;2.07999
1109;1983;565.935;2.07999
1110;2005.28;597.43;2.07999
1111;2015.04;585.467;2.07999
1112;2007.72;557.878;2.07999
1113;1973.23;577.654;2.07999
1114;1943.63;585.467;2.07999
1115;1955.84;587.42;2.07999
1116;1980.56;569.842;2.07999
1117;1985.44;567.888;2.07999
1118;1985.44;571.795;2.07999
1119;1960.72;599.384;2.09
1120;1918.91;569.842;2.09
1121;1906.4;563.738;2.09
1122;1943.63;615.253;2.09
1123;1965.91;577.654;2.09
1124;1975.67;573.748;2.09
1125;1975.67;571.795;2.09
1126;1955.84;583.514;2.09
1127;1926.23;593.524;2.09
1128;1941.19;587.42;2.09
1129;1987.88;561.785;2.09
1130;2007.72;593.524;2.09
1131;2020.23;587.42;2.09
1132;2007.72;552.019;2.09
1133;1978.11;579.608;2.09
1134;1946.07;585.467;2.09
1135;1963.16;585.467;2.09
1136;1983;573.748;2.1
1137;1990.32;563.738;2.1
1138;1990.32;575.701;2.1
1139;1963.16;593.524;2.1
1140;1921.35;559.832;2.1
1141;1908.84;575.701;2.1
1142;1948.51;605.243;2.1
1143;1973.23;581.561;2.1
1144;1980.56;567.888;2.1
1145;1978.11;575.701;2.1
1146;1958.28;583.514;2.1
1147;1928.67;579.608;2.1
1148;1946.07;601.337;2.1
1149;1993.07;553.972;2.1
1150;2012.6;577.654;2.1
1151;2022.67;603.29;2.1
1152;2012.6;542.009;2.1
1153;1978.11;577.654;2.11
1154;1948.51;573.748;2.11
1155;1965.91;589.618;2.11
1156;1987.88;571.795;2.11
1157;1995.51;573.748;2.11
1158;1993.07;563.738;2.11
1159;1965.91;603.29;2.11
1160;1923.79;577.654;2.11
1161;1908.84;555.925;2.11
1162;1953.39;617.206;2.11
1163;1970.79;579.608;2.11
1164;1983;575.701;2.11
1165;1985.44;569.842;2.11
1166;1963.16;585.467;2.11
1167;1933.56;583.514;2.11
1168;1950.95;595.477;2.11
1169;1995.51;555.925;2.12
1170;2015.04;583.514;2.12
1171;2025.11;597.43;2.12
1172;2015.04;546.159;2.12
1173;1980.56;577.654;2.12
1174;1950.95;579.608;2.12
1175;1968.35;585.467;2.12
1176;1990.32;569.842;2.12
1177;1997.95;565.935;2.12
1178;1990.32;569.842;2.12
1179;1963.16;601.337;2.12
1180;1923.79;569.842;2.12
1181;1911.58;559.832;2.12
1182;1953.39;615.253;2.12
1183;1975.67;579.608;2.12
1184;1985.44;571.795;2.12
1185;1983;571.795;2.13
1186;1960.72;585.467;2.13
1187;1933.56;593.524;2.13
1188;1950.95;587.42;2.13
1189;1997.95;559.832;2.13
1190;2017.48;593.524;2.13
1191;2025.11;587.42;2.13
1192;2015.04;552.019;2.13
1193;1980.56;579.608;2.13
1194;1953.39;583.514;2.13
1195;1970.79;587.42;2.13
1196;1993.07;571.795;2.13
1197;1997.95;563.738;2.13
1198;1995.51;575.701;2.13
1199;1968.35;593.524;2.13
1200;1926.23;563.738;2.13
1201;1918.91;571.795;2.14
1202;1960.72;605.243;2.14
1203;1980.56;581.561;2.14
1204;1993.07;567.888;2.14
1205;1987.88;569.842;2.14
1206;1965.91;579.608;2.14
1207;1938.75;597.43;2.14
1208;1958.28;579.608;2.14
1209;2005.28;552.019;2.14
1210;2022.67;579.608;2.14
1211;2032.44;607.196;2.14
1212;2020.23;544.206;2.14
1213;1985.44;575.701;2.14
1214;1958.28;575.701;2.14
1215;1978.11;589.618;2.14
1216;1997.95;569.842;2.14
1217;2005.28;571.795;2.14999
1218;2002.83;563.738;2.14999
1219;1970.79;605.243;2.14999
1220;1931.12;575.701;2.14999
1221;1923.79;555.925;2.14999
1222;1965.91;619.16;2.14999
1223;1985.44;579.608;2.14999
1224;1993.07;575.701;2.14999
1225;1990.32;571.795;2.14999
1226;1965.91;585.467;2.14999
1227;1936;585.467;2.14999
1228;1960.72;593.524;2.14999
1229;2005.28;555.925;2.14999
1230;2022.67;583.514;2.14999
1231;2032.44;599.384;2.14999
1232;2017.48;546.159;2.14999
1233;1983;575.701;2.16
1234;1955.84;577.654;2.16
1235;1978.11;587.42;2.16
1236;1997.95;571.795;2.16
1237;2005.28;567.888;2.16
1238;1997.95;569.842;2.16
1239;1968.35;599.384;2.16
1240;1926.23;567.888;2.16
1241;1921.35;561.785;2.16
1242;1963.16;613.3;2.16
1243;1983;579.608;2.16
1244;1993.07;571.795;2.16
1245;1990.32;571.795;2.16
1246;1968.35;583.514;2.16
1247;1936;593.524;2.16
1248;1963.16;585.467;2.17
1249;2007.72;561.785;2.17
1250;2025.11;591.571;2.17
1251;2032.44;587.42;2.17
1252;2017.48;552.019;2.17
1253;1983;575.701;2.17
1254;1958.28;583.514;2.17
1255;1980.56;587.42;2.17
1256;1997.95;571.795;2.17
1257;2005.28;559.832;2.17
1258;2000.39;575.701;2.17
1259;1970.79;595.477;2.17
1260;1931.12;561.785;2.17
1261;1928.67;571.795;2.17
1262;1973.23;605.243;2.17
1263;1990.32;579.608;2.17
1264;2000.39;569.842;2.18
1265;1995.51;571.795;2.18
1266;1970.79;583.514;2.18
1267;1943.63;597.43;2.18
1268;1968.35;581.561;2.18
1269;2012.6;563.738;2.18
1270;2030;599.384;2.18
1271;2037.32;595.477;2.18
1272;2022.67;546.159;2.18
1273;1987.88;579.608;2.18
1274;1965.91;583.514;2.18
1275;1978.11;585.467;2.18
1276;2002.83;573.748;2.18
1277;2010.16;563.738;2.18
1278;2010.16;571.795;2.18
1279;1985.44;599.384;2.18999
1280;1941.19;565.935;2.18999
1281;1926.23;565.935;2.18999
1282;1970.79;609.149;2.18999
1283;1993.07;577.654;2.18999
1284;2005.28;567.888;2.18999
1285;2005.28;571.795;2.18999
1286;1980.56;583.514;2.18999
1287;1948.51;593.524;2.18999
1288;1968.35;587.42;2.18999
1289;2012.6;565.935;2.18999
1290;2032.44;595.477;2.18999
1291;2042.2;585.467;2.18999
1292;2030;555.925;2.18999
1293;1995.51;579.608;2.18999
1294;1963.16;583.514;2.2
1295;1983;585.467;2.2
1296;2005.28;575.701;2.2
1297;2012.6;555.925;2.2
1298;2010.16;579.608;2.2
1299;1983;589.618;2.2
1300;1941.19;559.832;2.2
1301;1931.12;575.701;2.2
1302;1970.79;615.253;2.2
1303;1993.07;579.608;2.2
1304;2000.39;577.654;2.2
1305;2002.83;567.888;2.2
1306;1980.56;585.467;2.2
1307;1950.95;581.561;2.2
1308;1965.91;597.43;2.2
1309;2015.04;553.972;2.21
1310;2034.88;579.608;2.21
1311;2042.2;603.29;2.21
1312;2032.44;542.009;2.21
1313;1997.95;575.701;2.21
1314;1970.79;575.701;2.21
1315;1987.88;587.42;2.21
1316;2010.16;571.795;2.21
1317;2017.48;569.842;2.21
1318;2012.6;563.738;2.21
1319;1987.88;603.29;2.21
1320;1948.51;573.748;2.21
1321;1938.75;557.878;2.21
1322;1978.11;615.253;2.21
1323;2000.39;577.654;2.21
1324;2012.6;573.748;2.21999
1325;2007.72;569.842;2.21999
1326;1985.44;583.514;2.21999
1327;1958.28;587.42;2.21999
1328;1978.11;589.618;2.21999
1329;2025.11;555.925;2.21999
1330;2042.2;583.514;2.21999
1331;2052.27;593.524;2.21999
1332;2039.76;546.159;2.21999
1333;2005.28;573.748;2.21999
1334;1975.67;579.608;2.21999
1335;1997.95;585.467;2.21999
1336;2017.48;573.748;2.21999
1337;2025.11;565.935;2.21999
1338;2020.23;569.842;2.21999
1339;1993.07;595.477;2.23
1340;1950.95;563.738;2.23
1341;1943.63;565.935;2.23
1342;1983;611.347;2.23
1343;2007.72;577.654;2.23
1344;2015.04;569.842;2.23
1345;2012.6;571.795;2.23
1346;1990.32;583.514;2.23
1347;1958.28;593.524;2.23
1348;1980.56;583.514;2.23
1349;2027.55;563.738;2.23
1350;2049.83;595.477;2.23
1351;2057.16;581.561;2.23
1352;2039.76;553.972;2.23
1353;2005.28;575.701;2.23
1354;1980.56;583.514;2.24
1355;1997.95;585.467;2.24
1356;2022.67;571.795;2.24
1357;2025.11;557.878;2.24
1358;2022.67;579.608;2.24
1359;1990.32;589.618;2.24
1360;1950.95;555.925;2.24
1361;1946.07;575.701;2.24
1362;1985.44;601.337;2.24
1363;2010.16;579.608;2.24
1364;2017.48;577.654;2.24
1365;2012.6;565.935;2.24
1366;1990.32;585.467;2.24
1367;1963.16;581.561;2.24
1368;1985.44;597.43;2.24
1369;2032.44;552.019;2.25
1370;2049.83;579.608;2.25
1371;2059.6;601.337;2.25
1372;2047.39;540.056;2.25
1373;2010.16;575.701;2.25
1374;1985.44;575.701;2.25
1375;2005.28;585.467;2.25
1376;2025.11;569.842;2.25
1377;2032.44;569.842;2.25
1378;2027.55;561.785;2.25
1379;2000.39;603.29;2.25
1380;1955.84;573.748;2.25
1381;1953.39;555.925;2.25
1382;1995.51;613.3;2.25
1383;2015.04;579.608;2.25999
1384;2025.11;571.795;2.25999
1385;2022.67;569.842;2.25999
1386;1993.07;579.608;2.25999
1387;1970.79;589.618;2.25999
1388;1993.07;591.571;2.25999
1389;2039.76;557.878;2.25999
1390;2062.04;585.467;2.25999
1391;2069.36;593.524;2.25999
1392;2052.27;548.112;2.25999
1393;2017.48;575.701;2.25999
1394;1990.32;581.561;2.25999
1395;2015.04;583.514;2.25999
1396;2034.88;571.795;2.25999
1397;2037.32;563.738;2.25999
1398;2034.88;569.842;2.27
1399;2002.83;595.477;2.27
1400;1963.16;565.935;2.27
1401;1958.28;563.738;2.27
1402;2002.83;609.149;2.27
1403;2025.11;575.701;2.27
1404;2030;569.842;2.27
1405;2025.11;571.795;2.27
1406;2000.39;579.608;2.27
1407;1975.67;593.524;2.27
1408;2000.39;585.467;2.27
1409;2042.2;561.785;2.27
1410;2059.6;593.524;2.27
1411;2069.36;583.514;2.27
1412;2054.72;552.019;2.27
1413;2017.48;573.748;2.28
1414;1995.51;583.514;2.28
1415;2015.04;585.467;2.28
1416;2034.88;573.748;2.28
1417;2042.2;555.925;2.28
1418;2034.88;577.654;2.28
1419;2005.28;589.618;2.28
1420;1963.16;557.878;2.28
1421;1960.72;571.795;2.28
1422;2002.83;603.29;2.28
1423;2022.67;577.654;2.28
1424;2030;565.935;2.28
1425;2025.11;571.795;2.28
1426;2002.83;579.608;2.28
1427;1975.67;589.618;2.28
1428;2002.83;587.42;2.28999
1429;2047.39;557.878;2.28999
1430;2064.48;589.618;2.28999
1431;2074.55;587.42;2.28999
1432;2059.6;550.066;2.28999
1433;2022.67;577.654;2.28999
1434;1997.95;581.561;2.28999
1435;2022.67;583.514;2.28999
1436;2039.76;571.795;2.28999
1437;2047.39;557.878;2.28999
1438;2042.2;571.795;2.28999
1439;2025.11;591.571;2.28999
1440;1985.44;561.785;2.28999
1441;1963.16;567.888;2.28999
1442;1995.51;603.29;2.3
1443;2025.11;577.654;2.3
1444;2037.32;567.888;2.3
1445;2039.76;567.888;2.3
1446;2022.67;579.608;2.3
1447;1987.88;595.477;2.3
1448;1993.07;581.561;2.3
1449;2042.2;563.738;2.3
1450;2066.92;595.477;2.3
1451;2076.99;579.608;2.3
1452;2069.36;553.972;2.3
1453;2042.2;575.701;2.3
1454;2007.72;585.467;2.3
1455;2015.04;585.467;2.3
1456;2044.64;567.888;2.3
1457;2052.27;569.842;2.31
1458;2052.27;557.878;2.31
1459;2027.55;601.337;2.31
1460;1987.88;575.701;2.31
1461;1965.91;553.972;2.31
1462;2002.83;615.253;2.31
1463;2032.44;575.701;2.31
1464;2039.76;575.701;2.31
1465;2047.39;565.935;2.31
1466;2022.67;583.514;2.31
1467;1993.07;579.608;2.31
1468;1997.95;593.524;2.31
1469;2047.39;553.972;2.31
1470;2071.81;579.608;2.31
1471;2081.88;595.477;2.31
1472;2076.99;542.009;2.32
1473;2044.64;573.748;2.32
1474;2010.16;575.701;2.32
1475;2022.67;585.467;2.32
1476;2049.83;569.842;2.32
1477;2057.16;567.888;2.32
1478;2057.16;565.935;2.32
1479;2032.44;597.43;2.32
1480;1990.32;565.935;2.32
1481;1968.35;559.832;2.32
1482;2007.72;613.3;2.32
1483;2037.32;573.748;2.32
1484;2047.39;571.795;2.32
1485;2049.83;571.795;2.32
1486;2027.55;579.608;2.32
1487;1995.51;589.618;2.32999
1488;2005.28;587.42;2.32999
1489;2054.72;555.925;2.32999
1490;2081.88;587.42;2.32999
1491;2089.2;589.618;2.32999
1492;2084.32;546.159;2.32999
1493;2052.27;573.748;2.32999
1494;2020.23;581.561;2.32999
1495;2027.55;581.561;2.32999
1496;2057.16;569.842;2.32999
1497;2064.48;561.785;2.32999
1498;2064.48;571.795;2.32999
1499;2039.76;589.618;2.32999
1500;1997.95;557.878;2.32999
1501;1978.11;567.888;2.32999
1502;2017.48;601.337;2.34
1503;2042.2;575.701;2.34
1504;2054.72;565.935;2.34
1505;2057.16;567.888;2.34
1506;2032.44;579.608;2.34
1507;2000.39;595.477;2.34
1508;2012.6;579.608;2.34
1509;2062.04;563.738;2.34
1510;2084.32;597.43;2.34
1511;2096.53;577.654;2.34
1512;2089.2;553.972;2.34
1513;2057.16;573.748;2.34
1514;2020.23;583.514;2.34
1515;2034.88;585.467;2.34
1516;2062.04;571.795;2.34
1517;2066.92;553.972;2.35
1518;2069.36;557.878;2.35
1519;2042.2;603.29;2.35
1520;2000.39;571.795;2.35
1521;1980.56;552.019;2.35
1522;2022.67;615.253;2.35
1523;2049.83;573.748;2.35
1524;2057.16;575.701;2.35
1525;2062.04;567.888;2.35
1526;2037.32;581.561;2.35
1527;2007.72;581.561;2.35
1528;2017.48;593.524;2.35
1529;2064.48;552.019;2.35
1530;2091.64;581.561;2.35
1531;2101.71;595.477;2.35
1532;2091.64;540.056;2.36
1533;2059.6;575.701;2.36
1534;2025.11;575.701;2.36
1535;2039.76;583.514;2.36
1536;2064.48;569.842;2.36
1537;2074.55;565.935;2.36
1538;2069.36;565.935;2.36
1539;2047.39;597.43;2.36
1540;2005.28;567.888;2.36
1541;1987.88;557.878;2.36
1542;2027.55;611.347;2.36
1543;2054.72;573.748;2.36
1544;2064.48;569.842;2.36
1545;2064.48;567.888;2.37
1546;2042.2;577.654;2.37
1547;2010.16;587.42;2.37
1548;2022.67;587.42;2.37
1549;2074.55;555.925;2.37
1550;2098.97;587.42;2.37
1551;2106.6;587.42;2.37
1552;2096.53;548.112;2.37
1553;2064.48;573.748;2.37
1554;2030;579.608;2.37
1555;2047.39;583.514;2.37
1556;2071.81;569.842;2.37
1557;2079.44;557.878;2.37
1558;2076.99;571.795;2.37
1559;2049.83;589.618;2.38
1560;2010.16;557.878;2.38
1561;1995.51;569.842;2.38
1562;2034.88;605.243;2.38
1563;2059.6;573.748;2.38
1564;2069.36;565.935;2.38
1565;2069.36;569.842;2.38
1566;2049.83;577.654;2.38
1567;2017.48;593.524;2.38
1568;2027.55;577.654;2.38
1569;2081.88;559.832;2.38
1570;2101.71;595.477;2.38
1571;2113.92;577.654;2.38
1572;2104.16;553.972;2.38
1573;2066.92;571.795;2.39
1574;2037.32;583.514;2.39
1575;2054.72;581.561;2.39
1576;2081.88;569.842;2.39
1577;2086.76;552.019;2.39
1578;2084.32;577.654;2.39
1579;2057.16;585.467;2.39
1580;2015.04;561.785;2.39
1581;2002.83;561.785;2.39
1582;2042.2;605.243;2.39
1583;2066.92;571.795;2.39
1584;2076.99;567.888;2.39
1585;2076.99;567.888;2.39
1586;2049.83;577.654;2.39999
1587;2022.67;589.618;2.39999
1588;2042.2;583.514;2.39999
1589;2086.76;559.832;2.39999
1590;2109.04;593.524;2.39999
1591;2121.25;581.561;2.39999
1592;2111.48;548.112;2.39999
1593;2074.55;573.748;2.39999
1594;2042.2;581.561;2.39999
1595;2062.04;583.514;2.39999
1596;2084.32;571.795;2.39999
1597;2091.64;553.972;2.39999
1598;2089.2;573.748;2.39999
1599;2062.04;587.42;2.41
1600;2020.23;553.972;2.41
1601;2005.28;573.748;2.41
1602;2052.27;597.43;2.41
1603;2074.55;575.701;2.41
1604;2086.76;565.935;2.41
1605;2081.88;569.842;2.41
1606;2057.16;579.608;2.41
1607;2027.55;597.43;2.41
1608;2044.64;573.748;2.41
1609;2094.08;563.738;2.41
1610;2113.92;599.384;2.41
1611;2126.13;599.384;2.41
1612;2113.92;538.102;2.42
1613;2076.99;573.748;2.42
1614;2047.39;571.795;2.42
1615;2064.48;581.561;2.42
1616;2089.2;565.935;2.42
1617;2098.97;563.738;2.42
1618;2096.53;557.878;2.42
1619;2064.48;597.43;2.42
1620;2022.67;569.842;2.42
1621;2015.04;553.972;2.42
1622;2057.16;613.3;2.42
1623;2081.88;573.748;2.42
1624;2089.2;571.795;2.42
1625;2089.2;563.738;2.43
1626;2062.04;579.608;2.43
1627;2034.88;583.514;2.43
1628;2052.27;589.618;2.43
1629;2104.16;552.019;2.43
1630;2123.69;585.467;2.43
1631;2133.76;589.618;2.43
1632;2118.8;542.009;2.43
1633;2081.88;571.795;2.43
1634;2054.72;577.654;2.43
1635;2071.81;581.561;2.43
1636;2096.53;563.738;2.43
1637;2104.16;557.878;2.43999
1638;2098.97;565.935;2.43999
1639;2069.36;589.618;2.43999
1640;2027.55;559.832;2.43999
1641;2017.48;561.785;2.43999
1642;2062.04;609.149;2.43999
1643;2086.76;575.701;2.43999
1644;2098.97;565.935;2.43999
1645;2091.64;565.935;2.43999
1646;2064.48;579.608;2.43999
1647;2037.32;587.42;2.43999
1648;2059.6;583.514;2.43999
1649;2109.04;559.832;2.45
1650;2128.88;593.524;2.45
1651;2138.64;579.608;2.45
1652;2121.25;548.112;2.45
1653;2084.32;573.748;2.45
1654;2054.72;581.561;2.45
1655;2081.88;581.561;2.45
1656;2104.16;569.842;2.45
1657;2106.6;552.019;2.45
1658;2106.6;573.748;2.45
1659;2071.81;589.618;2.45
1660;2032.44;553.972;2.45
1661;2022.67;569.842;2.46
1662;2069.36;599.384;2.46
1663;2094.08;573.748;2.46
1664;2101.71;561.785;2.46
1665;2096.53;567.888;2.46
1666;2069.36;577.654;2.46
1667;2042.2;597.43;2.46
1668;2066.92;573.748;2.46
1669;2116.36;563.738;2.46
1670;2133.76;597.43;2.46
1671;2143.52;571.795;2.46
1672;2128.88;555.925;2.46
1673;2091.64;571.795;2.46999
1674;2064.48;571.795;2.46999
1675;2086.76;579.608;2.46999
1676;2109.04;563.738;2.46999
1677;2116.36;563.738;2.46999
1678;2111.48;559.832;2.46999
1679;2079.44;595.477;2.46999
1680;2034.88;567.888;2.46999
1681;2032.44;553.972;2.46999
1682;2076.99;611.347;2.46999
1683;2098.97;573.748;2.46999
1684;2109.04;567.888;2.46999
