<WeldAnalyseData xmlns:i="http:www.w3.org/2001/XMLSchema-instance">
<WeldParameter>
<TimeStamp>DT#2024-06-25-17:12:11</TimeStamp>
<UserName>operator</UserName>
<Generator>SG-22-10000</Generator>
<GenFreq>20</GenFreq>
<MaxForce>10000</MaxForce>
<MaxPower>10000</MaxPower>
<RunupPressure>2</RunupPressure>
<RunupDist>5</RunupDist>
<RunPress>0.7</RunPress>
<RunBackPress1>4</RunBackPress1>
<RunBackPress2>2</RunBackPress2>
<RunBackDist>5</RunBackDist>
<TrigValue>1000</TrigValue>
<TrigModeUnit>W</TrigModeUnit>
<WeldModeUnit>Ws</WeldModeUnit>
<PressNr>19.2326</PressNr>
<MaxLoss>300</MaxLoss>
</WeldParameter>
<WeldSets>
<WeldSet>
<PressRiseTime>0.1</PressRiseTime>
<RunPressure>2.2</RunPressure>
<Amplitude>85</Amplitude>
<WeldMode>6000</WeldMode>
</WeldSet>
<WeldSet>
<PressRiseTime>0.1</PressRiseTime>
<RunPressure>2.6</RunPressure>
<Amplitude>90</Amplitude>
<WeldMode>12000</WeldMode>
</WeldSet>
</WeldSets>
<WeldValue>
<WeldNr>261670</WeldNr>
<RecipeName>CCS2_CVS.CSV</RecipeName>
<WeldTime>3825</WeldTime>
<DistDiff>2.24</DistDiff>
<DistAbs>75.23</DistAbs>
<Energy>18001.2</Energy>
<MaxPower>6922</MaxPower>
<CycleTime>8660</CycleTime>
<TrigForce>1008.64</TrigForce>
<TrigDist>72.99</TrigDist>
<RunSpeed>58.392</RunSpeed>
<MaxForce>3626</MaxForce>
<LossPower>9.76592</LossPower>
<ErrorNr>0</ErrorNr>
</WeldValue>
</WeldAnalyseData>
#CSV-START#
ms;Power[W];Force[N];Distance[mm]
1;0;0;0
2;131.23;1055;0.03
3;131.23;1058;0.03
4;128.79;1058;0.03
5;131.23;1060;0.03
6;131.23;1065;0.03
7;101.63;1060;0.04
8;78.43;999;0.04
9;271;947;0.06
10;332.65;920;0.08
11;354.63;905;0.11
12;367.14;895;0.14
13;389.42;890;0.17
14;421.46;870;0.21
15;463.27;875;0.24
16;507.52;875;0.28
17;539.87;878;0.32
18;564.29;898;0.36
19;584.12;920;0.4
20;618.61;932;0.44
21;648.21;949;0.47
22;675.37;962;0.49
23;695.21;977;0.52
24;712.3;999;0.54
25;722.07;1018;0.56
26;727.26;1028;0.57
27;737.02;1058;0.58
28;746.79;1070;0.59
29;746.79;1082;0.59
30;739.46;1095;0.6
31;734.58;1115;0.6
32;717.18;1122;0.6
33;707.42;1127;0.61
34;702.54;1125;0.61
35;697.65;1129;0.61
36;692.77;1142;0.62
37;685.14;1142;0.62
38;682.7;1154;0.62
39;675.37;1164;0.62
40;675.37;1166;0.63
41;680.26;1166;0.63
42;680.26;1169;0.63
43;680.26;1174;0.63
44;680.26;1184;0.64
45;680.26;1189;0.64
46;677.82;1186;0.64
47;680.26;1198;0.64
48;687.58;1196;0.65
49;692.77;1198;0.65
50;695.21;1203;0.65
51;695.21;1216;0.66
52;692.77;1223;0.66
53;690.02;1226;0.66
54;692.77;1226;0.66
55;697.65;1231;0.67
56;702.54;1243;0.67
57;707.42;1238;0.67
58;709.86;1250;0.67
59;712.3;1263;0.67
60;722.07;1263;0.68
61;737.02;1265;0.68
62;744.35;1265;0.68
63;749.23;1270;0.68
64;754.42;1282;0.68
65;756.86;1287;0.69
66;764.18;1282;0.69
67;778.83;1297;0.69
68;791.34;1292;0.69
69;801.11;1292;0.69
70;813.32;1302;0.7
71;820.95;1312;0.7
72;818.51;1314;0.7
73;825.83;1314;0.7
74;842.92;1314;0.71
75;855.43;1319;0.71
76;867.64;1332;0.71
77;882.6;1324;0.71
78;889.92;1334;0.71
79;902.13;1344;0.71
80;929.29;1346;0.72
81;961.33;1344;0.72
82;981.17;1342;0.72
83;1001.01;1351;0.72
84;1018.1;1361;0.72
85;1030.61;1364;0.73
86;1042.82;1364;0.73
87;1072.42;1371;0.73
88;1102.02;1374;0.73
89;1121.86;1366;0.73
90;1138.95;1376;0.74
91;1148.72;1383;0.74
92;1153.9;1398;0.74
93;1168.55;1388;0.74
94;1193.27;1386;0.75
95;1215.55;1393;0.75
96;1237.53;1398;0.75
97;1252.48;1396;0.75
98;1264.69;1403;0.76
99;1279.64;1413;0.76
100;1314.13;1413;0.76
101;1351.05;1411;0.76
102;1380.66;1398;0.77
103;1405.38;1421;0.77
104;1425.21;1428;0.77
105;1434.98;1428;0.77
106;1457.26;1430;0.78
107;1489.3;1438;0.78
108;1516.46;1435;0.78
109;1531.11;1428;0.78
110;1553.39;1435;0.79
111;1560.72;1450;0.79
112;1558.28;1472;0.79
113;1563.16;1445;0.8
114;1590.32;1445;0.8
115;1615.04;1455;0.8
116;1629.69;1458;0.8
117;1644.64;1453;0.81
118;1647.08;1462;0.81
119;1649.53;1477;0.81
120;1681.57;1475;0.82
121;1720.94;1472;0.82
122;1748.1;1450;0.82
123;1767.94;1485;0.82
124;1782.59;1492;0.83
125;1785.03;1490;0.83
126;1795.1;1494;0.83
127;1824.7;1504;0.83
128;1856.75;1504;0.83
129;1878.72;1497;0.84
130;1893.67;1507;0.84
131;1888.79;1519;0.84
132;1873.84;1549;0.84
133;1886.35;1514;0.85
134;1915.95;1514;0.85
135;1940.37;1527;0.85
136;1955.32;1529;0.85
137;1962.65;1524;0.85
138;1957.76;1531;0.86
139;1957.76;1549;0.86
140;1997.13;1546;0.86
141;2034.06;1541;0.86
142;2058.78;1514;0.86
143;2078.62;1561;0.87
144;2081.06;1563;0.87
145;2073.73;1559;0.87
146;2083.5;1563;0.87
147;2115.54;1574;0.88
148;2142.7;1574;0.88
149;2160.1;1561;0.88
150;2164.98;1574;0.88
151;2150.03;1581;0.88
152;2125.31;1618;0.89
153;2137.82;1581;0.89
154;2164.98;1578;0.89
155;2189.7;1593;0.89
156;2201.91;1593;0.89
157;2201.91;1591;0.9
158;2186.96;1596;0.9
159;2174.75;1608;0.9
160;2209.23;1608;0.9
161;2256.23;1606;0.9
162;2283.4;1574;0.91
163;2305.37;1623;0.91
164;2307.81;1628;0.91
165;2295.6;1618;0.91
166;2290.72;1628;0.91
167;2322.76;1633;0.92
168;2362.13;1633;0.92
169;2379.53;1623;0.92
170;2384.41;1638;0.92
171;2369.46;1647;0.92
172;2334.97;1687;0.93
173;2337.41;1638;0.93
174;2367.02;1640;0.93
175;2394.18;1657;0.93
176;2406.69;1652;0.93
177;2404.25;1650;0.94
178;2381.97;1657;0.94
179;2367.02;1675;0.94
180;2409.13;1670;0.94
181;2460.71;1667;0.94
182;2493.06;1635;0.95
183;2510.15;1690;0.95
184;2507.71;1692;0.95
185;2485.43;1682;0.95
186;2487.87;1692;0.95
187;2529.98;1699;0.96
188;2564.47;1699;0.96
189;2586.75;1690;0.96
190;2589.19;1702;0.96
191;2564.47;1709;0.96
192;2529.98;1754;0.96
193;2534.87;1704;0.97
194;2569.35;1709;0.97
195;2601.4;1722;0.97
196;2611.16;1717;0.97
197;2606.28;1717;0.97
198;2579.12;1722;0.98
199;2569.35;1741;0.98
200;2621.23;1736;0.98
201;2678;1734;0.98
202;2710.04;1697;0.98
203;2724.69;1754;0.98
204;2722.25;1758;0.99
205;2695.09;1746;0.99
206;2695.09;1761;0.99
207;2742.09;1763;0.99
208;2788.78;1766;0.99
209;2811.06;1754;0.99
210;2815.94;1771;1
211;2786.34;1778;1
212;2742.09;1820;1
213;2754.3;1776;1
214;2796.11;1768;1
215;2833.34;1761;1.01
216;2847.99;1786;1.01
217;2843.1;1778;1.01
218;2811.06;1786;1.01
219;2798.85;1803;1.01
220;2850.43;1800;1.01
221;2914.52;1803;1.02
222;2949;1768;1.02
223;2968.84;1808;1.02
224;2961.52;1820;1.02
225;2931.91;1827;1.02
226;2944.12;1815;1.03
227;2998.44;1827;1.03
228;3025.61;1827;1.03
229;3052.77;1813;1.03
230;3069.86;1825;1.03
231;3052.77;1832;1.04
232;2998.44;1872;1.04
233;2998.44;1838;1.04
234;3037.81;1832;1.04
235;3079.93;1830;1.04
236;3101.9;1847;1.05
237;3109.53;1845;1.05
238;3079.93;1850;1.05
239;3052.77;1867;1.05
240;3099.46;1867;1.05
241;3163.55;1872;1.05
242;3205.66;1832;1.06
243;3240.15;1872;1.06
244;3242.59;1887;1.06
245;3210.55;1892;1.06
246;3208.11;1882;1.06
247;3254.8;1894;1.07
248;3304.24;1894;1.07
249;3331.4;1874;1.07
250;3348.8;1892;1.07
251;3316.75;1894;1.07
252;3264.87;1946;1.07
253;3274.64;1904;1.08
254;3321.63;1897;1.08
255;3356.12;1894;1.08
256;3383.28;1911;1.08
257;3383.28;1906;1.08
258;3346.05;1914;1.08
259;3324.08;1934;1.09
260;3383.28;1926;1.09
261;3442.49;1929;1.09
262;3484.3;1884;1.09
263;3518.78;1936;1.09
264;3511.46;1948;1.09
265;3472.09;1953;1.1
266;3484.3;1946;1.1
267;3538.62;1953;1.1
268;3580.43;1953;1.1
269;3612.48;1934;1.1
270;3629.87;1953;1.1
271;3582.87;1953;1.11
272;3531.3;2013;1.11
273;3555.71;1958;1.11
274;3602.71;1953;1.11
275;3619.8;1953;1.11
276;3651.85;1966;1.11
277;3659.47;1963;1.12
278;3622.55;1971;1.12
279;3580.43;1988;1.12
280;3627.43;1986;1.12
281;3693.96;1988;1.12
282;3735.77;1931;1.13
283;3780.33;1993;1.13
284;3782.77;2005;1.13
285;3740.65;2008;1.13
286;3730.89;2000;1.13
287;3782.77;2010;1.13
288;3831.9;2010;1.14
289;3863.95;1990;1.14
290;3891.11;2008;1.14
291;3849.3;2010;1.14
292;3780.33;2072;1.14
293;3792.54;2015;1.14
294;3837.09;2008;1.15
295;3876.46;2010;1.15
296;3906.06;2020;1.15
297;3903.62;2018;1.15
298;3849.3;2022;1.15
299;3812.37;2047;1.15
300;3871.58;2032;1.16
301;3938.11;2045;1.16
302;3979.92;1983;1.16
303;4016.85;2047;1.16
304;4007.08;2059;1.16
305;3952.76;2062;1.16
306;3950.32;2055;1.17
307;4007.08;2064;1.17
308;4056.52;2064;1.17
309;4095.89;2042;1.17
310;4103.21;2062;1.17
311;4044.01;2064;1.17
312;3975.04;2136;1.18
313;3994.87;2064;1.18
314;4046.45;2059;1.18
315;4091.01;2067;1.18
316;4120.61;2074;1.18
317;4103.21;2072;1.18
318;4036.68;2072;1.18
319;4011.96;2102;1.19
320;4083.68;2089;1.19
321;4157.54;2094;1.19
322;4206.98;2025;1.19
323;4236.58;2106;1.19
324;4226.51;2111;1.19
325;4162.42;2111;1.2
326;4150.21;2109;1.2
327;4216.74;2114;1.2
328;4278.39;2114;1.2
329;4317.76;2094;1.2
330;4322.64;2111;1.2
331;4258.55;2114;1.21
332;4169.74;2190;1.21
333;4182.26;2111;1.21
334;4243.9;2111;1.21
335;4293.34;2114;1.21
336;4322.64;2123;1.21
337;4300.67;2126;1.22
338;4221.63;2126;1.22
339;4177.37;2151;1.22
340;4253.67;2141;1.22
341;4332.71;2141;1.22
342;4389.48;2067;1.22
343;4421.52;2156;1.23
344;4387.04;2161;1.23
345;4307.99;2161;1.23
346;4307.99;2158;1.23
347;4354.99;2163;1.23
348;4436.17;2168;1.23
349;4483.17;2146;1.24
350;4495.38;2163;1.24
351;4438.61;2166;1.24
352;4330.27;2242;1.24
353;4310.43;2161;1.24
354;4376.96;2161;1.25
355;4438.61;2166;1.25
356;4475.54;2173;1.25
357;4468.22;2170;1.25
358;4389.48;2170;1.25
359;4315.32;2205;1.25
360;4376.96;2190;1.25
361;4478.29;2190;1.26
362;4552.14;2114;1.26
363;4593.95;2207;1.26
364;4571.98;2210;1.26
365;4492.93;2210;1.26
366;4456.01;2210;1.26
367;4534.75;2212;1.27
368;4626;2220;1.27
369;4677.88;2195;1.27
370;4677.88;2215;1.27
371;4601.58;2217;1.27
372;4488.05;2299;1.27
373;4488.05;2210;1.28
374;4566.79;2212;1.28
375;4645.83;2217;1.28
376;4682.76;2222;1.28
377;4653.16;2222;1.28
378;4552.14;2220;1.28
379;4488.05;2252;1.29
380;4571.98;2242;1.29
381;4695.27;2237;1.29
382;4776.45;2161;1.29
383;4808.5;2259;1.29
384;4764.24;2262;1.29
385;4668.11;2257;1.3
386;4648.27;2259;1.3
387;4749.29;2264;1.3
388;4853.05;2267;1.3
389;4904.93;2242;1.3
390;4885.1;2264;1.3
391;4778.89;2269;1.3
392;4655.6;2351;1.31
393;4675.44;2257;1.31
394;4729.76;2257;1.31
395;4830.77;2269;1.31
396;4882.66;2269;1.31
397;4862.82;2271;1.31
398;4771.57;2264;1.31
399;4663.23;2299;1.32
400;4722.43;2291;1.32
401;4862.82;2286;1.32
402;4971.47;2207;1.32
403;5015.72;2296;1.32
404;4988.56;2311;1.32
405;4889.98;2323;1.32
406;4828.33;2304;1.33
407;4917.14;2309;1.33
408;5035.55;2314;1.33
409;5102.08;2286;1.33
410;5104.53;2306;1.33
411;5015.72;2309;1.33
412;4872.59;2383;1.33
413;4850.61;2314;1.34
414;4939.42;2301;1.34
415;5040.44;2296;1.34
416;5082.25;2318;1.34
417;5060.27;2318;1.34
418;4954.07;2318;1.34
419;4860.38;2348;1.34
420;4944.3;2336;1.35
421;5089.88;2338;1.35
422;5190.89;2264;1.35
423;5225.38;2346;1.35
424;5188.45;2355;1.35
425;5082.25;2368;1.35
426;5042.88;2351;1.35
427;5139.01;2360;1.36
428;5257.42;2363;1.36
429;5311.75;2333;1.36
430;5309.31;2353;1.36
431;5210.73;2353;1.36
432;5067.6;2432;1.36
433;5070.04;2353;1.36
434;5166.17;2346;1.37
435;5257.42;2341;1.37
436;5296.79;2363;1.37
437;5269.94;2360;1.37
438;5161.29;2355;1.37
439;5087.44;2392;1.37
440;5188.45;2378;1.37
441;5328.84;2383;1.38
442;5400.56;2304;1.38
443;5442.37;2392;1.38
444;5417.65;2400;1.38
445;5316.63;2407;1.38
446;5267.19;2390;1.38
447;5356;2400;1.38
448;5462.2;2402;1.38
449;5514.08;2373;1.39
450;5523.85;2395;1.39
451;5439.92;2392;1.39
452;5296.79;2479;1.39
453;5291.91;2392;1.39
454;5373.39;2387;1.39
455;5457.32;2385;1.39
456;5494.25;2402;1.4
457;5476.85;2400;1.4
458;5373.39;2395;1.4
459;5296.79;2430;1.4
460;5380.72;2417;1.4
461;5508.9;2422;1.4
462;5585.5;2336;1.4
463;5619.98;2432;1.41
464;5585.5;2439;1.41
465;5484.48;2444;1.41
466;5454.88;2432;1.41
467;5514.08;2439;1.41
468;5610.22;2444;1.41
469;5671.87;2415;1.41
470;5696.28;2439;1.42
471;5647.15;2432;1.42
472;5516.53;2526;1.42
473;5469.53;2430;1.42
474;5533.62;2427;1.42
475;5615.1;2424;1.42
476;5656.91;2442;1.42
477;5671.87;2439;1.43
478;5597.71;2434;1.43
479;5501.57;2471;1.43
480;5551.01;2457;1.43
481;5666.98;2459;1.43
482;5750.6;2370;1.43
483;5797.6;2474;1.43
484;5795.16;2479;1.44
485;5711.23;2481;1.44
486;5661.79;2471;1.44
487;5728.63;2481;1.44
488;5817.13;2484;1.44
489;5861.69;2452;1.44
490;5891.29;2474;1.45
491;5836.97;2471;1.45
492;5708.79;2570;1.45
493;5699.03;2464;1.45
494;5758.23;2462;1.45
495;5827.2;2464;1.45
496;5864.13;2476;1.45
497;5871.46;2476;1.46
498;5792.72;2469;1.46
499;5713.68;2499;1.46
500;5780.21;2501;1.46
501;5878.78;2491;1.46
502;5945.62;2471;1.46
503;5994.75;2469;1.47
504;5980.1;2523;1.47
505;5898.62;2528;1.47
506;5871.46;2499;1.47
507;5935.55;2516;1.47
508;6007.26;2518;1.47
509;6046.63;2489;1.47
510;6076.24;2503;1.48
511;6007.26;2513;1.48
512;5893.73;2538;1.48
513;5886.41;2540;1.48
514;5937.99;2491;1.48
515;5997.19;2481;1.48
516;6041.75;2518;1.49
517;6064.03;2508;1.49
518;6004.82;2501;1.49
519;5905.94;2540;1.49
520;5948.06;2538;1.49
521;6029.24;2526;1.49
522;6103.4;2501;1.49
523;6155.28;2513;1.5
524;6167.49;2558;1.5
525;6096.07;2568;1.5
526;6039.31;2538;1.5
527;6093.33;2553;1.5
528;6157.72;2555;1.5
529;6201.97;2526;1.5
530;6246.53;2540;1.51
531;6199.53;2550;1.51
532;6076.24;2582;1.51
533;6064.03;2575;1.51
534;6110.72;2531;1.51
535;6167.49;2521;1.51
536;6209.3;2555;1.51
537;6229.13;2546;1.52
538;6150.09;2538;1.52
539;6064.03;2578;1.52
540;6122.93;2572;1.52
541;6204.41;2565;1.52
542;6268.5;2531;1.52
543;6325.27;2548;1.52
544;6325.27;2595;1.53
545;6238.9;2605;1.53
546;6201.97;2572;1.53
547;6266.06;2590;1.53
548;6327.71;2592;1.53
549;6374.71;2560;1.53
550;6414.08;2578;1.53
551;6345.1;2582;1.53
552;6216.93;2619;1.54
553;6229.13;2610;1.54
554;6278.57;2565;1.54
555;6335.03;2550;1.54
556;6384.47;2587;1.54
557;6386.91;2580;1.54
558;6283.46;2572;1.54
559;6206.85;2612;1.55
560;6290.78;2605;1.55
561;6357.31;2597;1.55
562;6421.4;2555;1.55
563;6487.93;2585;1.55
564;6490.68;2627;1.55
565;6394.24;2642;1.55
566;6349.99;2607;1.55
567;6428.72;2624;1.56
568;6493.12;2629;1.56
569;6549.58;2592;1.56
570;6591.69;2610;1.56
571;6515.09;2617;1.56
572;6362.19;2664;1.56
573;6367.08;2639;1.56
574;6436.35;2597;1.57
575;6495.56;2587;1.57
576;6554.77;2624;1.57
577;6554.77;2615;1.57
578;6433.91;2607;1.57
579;6332.59;2647;1.57
580;6431.47;2637;1.57
581;6519.97;2632;1.57
582;6589.25;2580;1.58
583;6663.11;2622;1.58
584;6635.94;2661;1.58
585;6566.97;2671;1.58
586;6465.96;2639;1.58
587;6542.25;2656;1.58
588;6623.74;2661;1.58
589;6687.83;2624;1.58
590;6747.03;2644;1.58
591;6680.5;2649;1.59
592;6507.77;2703;1.59
593;6453.44;2669;1.59
594;6537.37;2629;1.59
595;6613.97;2617;1.59
596;6678.06;2656;1.59
597;6695.15;2644;1.59
598;6579.18;2639;1.59
599;6423.84;2679;1.59
600;6495.56;2669;1.6
601;6608.78;2661;1.6
602;6687.83;2607;1.6
603;6769.31;2656;1.6
604;6766.87;2694;1.6
605;6638.39;2703;1.6
606;6549.58;2671;1.6
607;6646.02;2688;1.6
608;6737.27;2688;1.6
609;6803.8;2654;1.61
610;6850.49;2671;1.61
611;6749.47;2681;1.61
612;6554.77;2735;1.61
613;6527.6;2694;1.61
614;6623.74;2656;1.61
615;6705.22;2644;1.61
616;6774.19;2686;1.61
617;6761.68;2671;1.61
618;6616.41;2664;1.62
619;6478.16;2711;1.62
620;6574.3;2701;1.62
621;6690.27;2688;1.62
622;6769.31;2627;1.62
623;6848.05;2688;1.62
624;6816;2720;1.62
625;6670.43;2733;1.62
626;6603.9;2698;1.62
627;6714.99;2713;1.63
628;6806.24;2718;1.63
629;6875.21;2681;1.63
630;6892.61;2703;1.63
631;6764.12;2706;1.63
632;6564.53;2770;1.63
633;6544.69;2720;1.63
634;6638.39;2686;1.63
635;6727.2;2671;1.63
636;6796.47;2711;1.63
637;6816;2701;1.64
638;6695.15;2696;1.64
639;6515.09;2735;1.64
640;6566.97;2723;1.64
641;6700.03;2716;1.64
642;6786.4;2649;1.64
643;6867.89;2718;1.64
644;6865.44;2750;1.64
645;6737.27;2763;1.64
646;6613.97;2728;1.64
647;6710.1;2740;1.65
648;6808.68;2743;1.65
649;6882.53;2706;1.65
650;6922.21;2730;1.65
651;6823.33;2733;1.65
652;6623.74;2802;1.65
653;6566.97;2743;1.65
654;6665.55;2713;1.65
655;6751.92;2696;1.65
656;6813.56;2738;1.65
657;6811.12;2728;1.65
658;6670.43;2716;1.66
659;6507.77;2760;1.66
660;6594.13;2753;1.66
661;6712.55;2743;1.66
662;6791.28;2674;1.66
663;6872.77;2745;1.66
664;6845.61;2772;1.66
665;6707.66;2790;1.66
666;6618.85;2755;1.66
667;6722.31;2765;1.66
668;6818.45;2767;1.66
669;6884.98;2730;1.67
670;6912.14;2758;1.67
671;6793.73;2758;1.67
672;6596.58;2832;1.67
673;6579.18;2767;1.67
674;6678.06;2740;1.67
675;6754.36;2723;1.67
676;6813.56;2760;1.67
677;6781.52;2750;1.67
678;6628.62;2748;1.67
679;6495.56;2790;1.67
680;6574.3;2777;1.67
681;6695.15;2765;1.68
682;6774.19;2694;1.68
683;6850.49;2775;1.68
684;6838.28;2797;1.68
685;6705.22;2814;1.68
686;6608.78;2782;1.68
687;6707.66;2792;1.68
688;6796.47;2797;1.68
689;6855.37;2753;1.68
690;6887.72;2782;1.68
691;6781.52;2787;1.68
692;6589.25;2795;1.68
693;6559.65;2851;1.69
694;6653.34;2755;1.69
695;6724.75;2765;1.69
696;6781.52;2785;1.69
697;6764.12;2772;1.69
698;6623.74;2777;1.69
699;6480.61;2797;1.69
700;6579.18;2809;1.69
701;6685.38;2790;1.69
702;6756.8;2775;1.69
703;6825.77;2733;1.69
704;6818.45;2827;1.69
705;6714.99;2809;1.7
706;6584.37;2799;1.7
707;6648.46;2814;1.7
708;6739.71;2807;1.7
709;6798.91;2790;1.7
710;6850.49;2790;1.7
711;6783.96;2807;1.7
712;6603.9;2817;1.7
713;6510.21;2866;1.7
714;6596.58;2780;1.7
715;6667.99;2782;1.7
716;6722.31;2807;1.7
717;6734.82;2792;1.7
718;6623.74;2799;1.7
719;6461.07;2819;1.71
720;6502.88;2829;1.71
721;6613.97;2812;1.71
722;6682.94;2797;1.71
723;6754.36;2760;1.71
724;6751.92;2849;1.71
725;6635.94;2836;1.71
726;6532.49;2819;1.71
727;6606.34;2836;1.71
728;6685.38;2829;1.71
729;6737.27;2812;1.71
730;6774.19;2812;1.71
731;6692.71;2827;1.71
732;6519.97;2842;1.72
733;6475.72;2883;1.72
734;6547.14;2802;1.72
735;6606.34;2802;1.72
736;6655.78;2829;1.72
737;6653.34;2814;1.72
738;6534.93;2817;1.72
739;6399.43;2842;1.72
740;6470.84;2849;1.72
741;6557.21;2832;1.72
742;6618.85;2817;1.72
743;6678.06;2782;1.72
744;6660.67;2861;1.72
745;6547.14;2854;1.72
746;6475.72;2839;1.73
747;6547.14;2854;1.73
748;6611.23;2851;1.73
749;6658.22;2829;1.73
750;6680.5;2832;1.73
751;6643.57;2844;1.73
752;6498;2859;1.73
753;6399.43;2898;1.73
754;6461.07;2819;1.73
755;6512.65;2824;1.73
756;6557.21;2849;1.73
757;6579.18;2829;1.73
758;6500.44;2836;1.73
759;6352.43;2861;1.73
760;6372.27;2864;1.73
761;6458.33;2851;1.74
762;6525.16;2834;1.74
763;6576.74;2804;1.74
764;6586.81;2883;1.74
765;6498;2874;1.74
766;6401.87;2854;1.74
767;6451;2871;1.74
768;6515.09;2866;1.74
769;6552.32;2844;1.74
770;6589.25;2849;1.74
771;6537.37;2861;1.74
772;6396.68;2876;1.74
773;6332.59;2908;1.74
774;6394.24;2836;1.74
775;6438.8;2839;1.74
776;6475.72;2866;1.74
777;6485.49;2849;1.75
778;6399.43;2851;1.75
779;6273.39;2879;1.75
780;6313.06;2881;1.75
781;6391.8;2864;1.75
782;6448.56;2849;1.75
783;6495.56;2832;1.75
784;6490.68;2901;1.75
785;6401.87;2893;1.75
786;6327.71;2866;1.75
787;6382.03;2888;1.75
788;6438.8;2883;1.75
789;6473.28;2861;1.75
790;6500.44;2864;1.75
791;6438.8;2879;1.75
792;6302.99;2896;1.75
793;6273.39;2923;1.75
794;6322.83;2856;1.76
795;6367.08;2859;1.76
796;6399.43;2881;1.76
797;6396.68;2861;1.76
798;6310.62;2861;1.76
799;6211.74;2893;1.76
800;6243.78;2893;1.76
801;6320.38;2881;1.76
802;6377.15;2861;1.76
803;6418.96;2849;1.76
804;6418.96;2913;1.76
805;6340.22;2911;1.76
806;6263.62;2886;1.76
807;6310.62;2901;1.76
808;6369.82;2901;1.76
809;6399.43;2871;1.76
810;6428.72;2881;1.76
811;6377.15;2891;1.76
812;6253.85;2915;1.77
813;6211.74;2933;1.77
814;6258.74;2866;1.77
815;6302.99;2866;1.77
816;6332.59;2893;1.77
817;6335.03;2881;1.77
818;6253.85;2879;1.77
819;6150.09;2911;1.77
820;6194.65;2911;1.77
821;6268.5;2896;1.77
822;6317.94;2874;1.77
823;6340.22;2864;1.77
824;6359.75;2925;1.77
825;6300.55;2923;1.77
826;6209.3;2901;1.77
827;6236.46;2915;1.77
828;6290.78;2915;1.77
829;6332.59;2886;1.77
830;6362.19;2896;1.77
831;6332.59;2908;1.77
832;6226.69;2930;1.78
833;6152.53;2940;1.78
834;6192.21;2883;1.78
835;6234.02;2876;1.78
836;6266.06;2911;1.78
837;6278.57;2893;1.78
838;6221.81;2888;1.78
839;6110.72;2925;1.78
840;6125.68;2923;1.78
841;6194.65;2908;1.78
842;6258.74;2883;1.78
843;6295.66;2879;1.78
844;6300.55;2938;1.78
845;6234.02;2940;1.78
846;6155.28;2915;1.78
847;6192.21;2930;1.78
848;6251.41;2930;1.78
849;6281.01;2898;1.78
850;6310.62;2908;1.78
851;6270.94;2920;1.78
852;6162.6;2943;1.78
853;6113.16;2947;1.79
854;6152.53;2891;1.79
855;6194.65;2883;1.79
856;6221.81;2920;1.79
857;6231.57;2906;1.79
858;6162.6;2903;1.79
859;6061.28;2938;1.79
860;6088.44;2935;1.79
861;6162.6;2920;1.79
862;6219.37;2893;1.79
863;6251.41;2901;1.79
864;6246.53;2947;1.79
865;6174.81;2952;1.79
866;6110.72;2923;1.79
867;6157.72;2943;1.79
868;6214.18;2943;1.79
869;6243.78;2908;1.79
870;6261.18;2923;1.79
871;6246.53;2935;1.79
872;6152.53;2960;1.79
873;6068.91;2957;1.79
874;6098.51;2906;1.79
875;6142.77;2896;1.79
876;6172.37;2930;1.8
877;6192.21;2913;1.8
878;6145.21;2911;1.8
879;6039.31;2945;1.8
880;6031.68;2945;1.8
881;6105.84;2930;1.8
882;6169.93;2901;1.8
883;6206.85;2908;1.8
884;6219.37;2960;1.8
885;6157.72;2967;1.8
886;6078.68;2933;1.8
887;6108.28;2950;1.8
888;6162.6;2947;1.8
889;6201.97;2928;1.8
890;6229.13;2923;1.8
891;6199.53;2940;1.8
892;6098.51;2950;1.8
893;6036.87;2997;1.8
894;6071.35;2911;1.8
895;6115.6;2915;1.8
896;6145.21;2940;1.8
897;6157.72;2925;1.8
898;6098.51;2925;1.8
899;5999.63;2947;1.8
900;6012.15;2957;1.8
901;6086;2940;1.81
902;6150.09;2930;1.81
903;6182.13;2891;1.81
904;6182.13;2965;1.81
905;6122.93;2957;1.81
906;6051.52;2940;1.81
907;6088.44;2960;1.81
908;6142.77;2957;1.81
909;6179.69;2935;1.81
910;6201.97;2933;1.81
911;6160.16;2947;1.81
912;6053.96;2957;1.81
913;6004.82;2999;1.81
914;6034.43;2928;1.81
915;6081.12;2925;1.81
916;6105.84;2947;1.81
917;6113.16;2935;1.81
918;6061.28;2935;1.81
919;5962.71;2957;1.81
920;5970.03;2962;1.81
921;6046.63;2947;1.81
922;6113.16;2935;1.81
923;6142.77;2883;1.81
924;6155.28;2975;1.81
925;6096.07;2972;1.81
926;6021.91;2950;1.81
927;6053.96;2965;1.81
928;6115.6;2962;1.82
929;6147.65;2943;1.82
930;6172.37;2938;1.82
931;6133;2952;1.82
932;6029.24;2962;1.82
933;5955.38;3022;1.82
934;5987.43;2935;1.82
935;6039.31;2928;1.82
936;6064.03;2950;1.82
937;6076.24;2940;1.82
938;6014.59;2938;1.82
939;5923.34;2962;1.82
940;5952.94;2967;1.82
941;6029.24;2952;1.82
942;6073.79;2940;1.82
943;6108.28;2901;1.82
944;6130.56;2977;1.82
945;6088.44;2975;1.82
946;6004.82;2955;1.82
947;6009.71;2972;1.82
948;6066.47;2970;1.82
949;6115.6;2947;1.82
950;6140.32;2947;1.82
951;6120.49;2962;1.82
952;6029.24;2975;1.82
953;5945.62;3002;1.82
954;5962.71;2940;1.82
955;6004.82;2940;1.82
956;6039.31;2960;1.82
957;6051.52;2947;1.82
958;6007.26;2945;1.82
959;5908.38;2970;1.83
960;5903.5;2977;1.83
961;5975.22;2960;1.83
962;6051.52;2945;1.83
963;6081.12;2923;1.83
964;6093.33;2984;1.83
965;6041.75;2980;1.83
966;5960.27;2957;1.83
967;5984.99;2977;1.83
968;6044.19;2977;1.83
969;6083.56;2947;1.83
970;6103.4;2952;1.83
971;6073.79;2967;1.83
972;5972.78;2977;1.83
973;5886.41;3027;1.83
974;5913.57;2943;1.83
975;5957.82;2938;1.83
976;5989.87;2962;1.83
977;6004.82;2952;1.83
978;5950.5;2950;1.83
979;5854.37;2977;1.83
980;5869.01;2980;1.83
981;5945.62;2965;1.83
982;6017.03;2957;1.83
983;6044.19;2898;1.83
984;6053.96;2970;1.83
985;5997.19;2987;1.83
986;5920.9;2984;1.83
987;5950.5;2972;1.83
988;6012.15;2975;1.83
989;6044.19;2980;1.83
990;6061.28;2947;1.83
991;6046.63;2967;1.83
992;5962.71;2972;1.83
993;5866.57;3056;1.84
994;5883.97;2952;1.84
995;5923.34;2947;1.84
996;5962.71;2955;1.84
997;5975.22;2957;1.84
998;5937.99;2957;1.84
999;5841.85;2947;1.84
1000;5819.88;2992;1.84
1001;5888.85;2967;1.84
1002;5965.15;2960;1.84
1003;6002.38;2874;1.84
1004;6012.15;2990;1.84
1005;5957.82;2984;1.84
1006;5876.34;2977;1.84
1007;5888.85;2977;1.84
1008;5945.62;2980;1.84
1009;5992.31;2982;1.84
1010;6014.59;2950;1.84
1011;5984.99;2975;1.84
1012;5891.29;2977;1.84
1013;5814.69;3066;1.84
1014;5839.41;2952;1.84
1015;5883.97;2952;1.84
1016;5916.01;2960;1.84
1017;5925.78;2957;1.84
1018;5876.34;2960;1.84
1019;5777.76;2955;1.84
1020;5777.76;2990;1.84
1021;5846.74;2972;1.84
1022;5925.78;2960;1.84
1023;5957.82;2886;1.84
1024;5957.82;2990;1.84
1025;5896.18;2987;1.84
1026;5819.88;2977;1.84
1027;5846.74;2982;1.84
1028;5908.38;2980;1.84
1029;5948.06;2982;1.84
1030;5970.03;2952;1.84
1031;5930.66;2977;1.84
1032;5827.2;2980;1.84
1033;5760.67;3051;1.85
1034;5790.28;2955;1.85
1035;5836.97;2952;1.85
1036;5864.13;2962;1.85
1037;5871.46;2960;1.85
1038;5824.76;2960;1.85
1039;5731.07;2957;1.85
1040;5721;2992;1.85
1041;5795.16;2972;1.85
1042;5873.9;2962;1.85
1043;5908.38;2886;1.85
1044;5908.38;2994;1.85
1045;5846.74;2990;1.85
1046;5770.44;2975;1.85
1047;5787.53;2980;1.85
1048;5854.37;2982;1.85
1049;5896.18;2984;1.85
1050;5913.57;2955;1.85
1051;5878.78;2975;1.85
1052;5777.76;2982;1.85
1053;5708.79;3061;1.85
1054;5738.4;2952;1.85
1055;5790.28;2952;1.85
1056;5822.32;2967;1.85
1057;5827.2;2962;1.85
1058;5765.56;2965;1.85
1059;5669.42;2960;1.85
1060;5674.31;2990;1.85
1061;5721;2977;1.85
1062;5809.81;2962;1.85
1063;5851.92;2883;1.85
1064;5864.13;2997;1.85
1065;5814.69;2992;1.85
1066;5723.44;2975;1.85
1067;5721;2987;1.85
1068;5780.21;2982;1.85
1069;5841.85;2982;1.85
1070;5861.69;2957;1.85
1071;5844.29;2977;1.85
1072;5750.6;2984;1.85
1073;5654.47;3054;1.85
1074;5669.42;2960;1.85
1075;5716.12;2955;1.85
1076;5753.04;2970;1.85
1077;5770.44;2962;1.85
1078;5725.88;2965;1.85
1079;5627.31;2967;1.85
1080;5600.15;2992;1.85
1081;5676.75;2977;1.86
1082;5763.12;2962;1.86
1083;5802.48;2898;1.86
1084;5809.81;2997;1.86
1085;5750.6;2992;1.86
1086;5664.24;2980;1.86
1087;5671.87;2987;1.86
1088;5740.84;2987;1.86
1089;5792.72;2982;1.86
1090;5812.25;2962;1.86
1091;5777.76;2980;1.86
1092;5676.75;2990;1.86
1093;5592.82;3056;1.86
1094;5622.43;2955;1.86
1095;5674.31;2957;1.86
1096;5708.79;2972;1.86
1097;5718.56;2962;1.86
1098;5661.79;2967;1.86
1099;5563.22;2967;1.86
1100;5555.9;2994;1.86
1101;5634.63;2977;1.86
1102;5721;2965;1.86
1103;5755.49;2896;1.86
1104;5750.6;2997;1.86
1105;5681.63;2992;1.86
1106;5600.15;2977;1.86
1107;5622.43;2987;1.86
1108;5693.84;2984;1.86
1109;5731.07;2982;1.86
1110;5755.49;2960;1.86
1111;5740.84;2980;1.86
1112;5652.03;2984;1.86
1113;5543.38;3056;1.86
1114;5551.01;2955;1.86
1115;5602.59;2955;1.86
1116;5654.47;2977;1.86
1117;5666.98;2965;1.86
1118;5632.19;2970;1.86
1119;5528.73;2970;1.86
1120;5484.48;2994;1.86
1121;5555.9;2977;1.86
1122;5652.03;2965;1.86
1123;5696.28;2906;1.86
1124;5703.91;2997;1.86
1125;5649.59;2992;1.86
1126;5553.45;2977;1.86
1127;5551.01;2990;1.86
1128;5622.43;2984;1.86
1129;5686.51;2977;1.86
1130;5708.79;2957;1.86
1131;5676.75;2980;1.86
1132;5578.17;2984;1.86
1133;5476.85;3044;1.86
1134;5496.69;2957;1.86
1135;5551.01;2960;1.86
1136;5600.15;2975;1.86
1137;5607.78;2965;1.86
1138;5555.9;2967;1.86
1139;5452.13;2970;1.87
1140;5427.72;2992;1.87
1141;5508.9;2977;1.87
1142;5605.03;2965;1.87
1143;5644.7;2908;1.87
1144;5644.7;2999;1.87
1145;5578.17;2990;1.87
1146;5486.92;2977;1.87
1147;5501.57;2990;1.87
1148;5578.17;2987;1.87
1149;5634.63;2980;1.87
1150;5654.47;2962;1.87
1151;5610.22;2980;1.87
1152;5496.69;2990;1.87
1153;5410.32;3046;1.87
1154;5442.37;2955;1.87
1155;5508.9;2955;1.87
1156;5543.38;2972;1.87
1157;5555.9;2965;1.87
1158;5504.01;2970;1.87
1159;5398.11;2975;1.87
1160;5360.88;2992;1.87
1161;5444.81;2980;1.87
1162;5543.38;2967;1.87
1163;5590.38;2911;1.87
1164;5590.38;3002;1.87
1165;5523.85;2992;1.87
1166;5425.28;2975;1.87
1167;5435.04;2990;1.87
1168;5516.53;2987;1.87
1169;5580.61;2977;1.87
1170;5595.26;2962;1.87
1171;5558.34;2980;1.87
1172;5444.81;2987;1.87
1173;5348.67;3039;1.87
1174;5375.84;2957;1.87
1175;5439.92;2960;1.87
1176;5486.92;2977;1.87
1177;5489.36;2970;1.87
1178;5422.83;2970;1.87
1179;5311.75;2962;1.87
1180;5284.59;2997;1.87
1181;5356;2982;1.87
1182;5462.2;2980;1.87
1183;5523.85;2888;1.87
1184;5538.5;2990;1.87
1185;5489.36;2994;1.87
1186;5388.04;2997;1.87
1187;5363.63;2982;1.87
1188;5437.48;2984;1.87
1189;5516.53;2990;1.87
1190;5543.38;2957;1.87
1191;5523.85;2980;1.87
1192;5420.09;2972;1.87
1193;5296.79;3061;1.87
1194;5301.98;2970;1.87
1195;5366.07;2962;1.87
1196;5425.28;2957;1.87
1197;5439.92;2970;1.87
1198;5393.23;2965;1.87
1199;5282.14;2962;1.87
1200;5222.94;2994;1.87
1201;5304.42;2980;1.87
1202;5417.65;2982;1.87
1203;5474.41;2891;1.87
1204;5479.29;2990;1.87
1205;5415.2;2992;1.87
1206;5311.75;2994;1.87
1207;5304.42;2982;1.87
1208;5390.48;2987;1.87
1209;5467.09;2992;1.87
1210;5489.36;2955;1.87
1211;5454.88;2977;1.87
1212;5346.23;2977;1.87
1213;5227.82;3063;1.88
1214;5250.1;2965;1.88
1215;5319.07;2957;1.88
1216;5375.84;2960;1.88
1217;5383.16;2972;1.88
1218;5319.07;2970;1.88
1219;5203.1;2957;1.88
1220;5166.17;2997;1.88
1221;5264.75;2982;1.88
1222;5373.39;2977;1.88
1223;5427.72;2891;1.88
1224;5425.28;2990;1.88
1225;5353.56;2992;1.88
1226;5264.75;2992;1.88
1227;5299.23;2982;1.88
1228;5360.88;2990;1.88
1229;5471.97;2990;1.88
1230;5536.06;2957;1.88
1231;5565.66;2980;1.88
1232;5523.85;2975;1.88
1233;5452.13;3063;1.88
1234;5489.36;2970;1.88
1235;5580.61;2957;1.88
1236;5671.87;2955;1.88
1237;5733.51;2967;1.88
1238;5740.84;2965;1.88
1239;5681.63;2957;1.88
1240;5656.91;2997;1.88
1241;5753.04;2977;1.88
1242;5864.13;2975;1.88
1243;5937.99;2886;1.88
1244;5982.54;2984;1.88
1245;5955.38;2990;1.88
1246;5873.9;2992;1.88
1247;5878.78;2982;1.88
1248;5948.06;2982;1.88
1249;6014.59;2990;1.88
1250;6051.52;2952;1.88
1251;6049.07;2977;1.88
1252;5955.38;2970;1.88
1253;5851.92;3066;1.88
1254;5866.57;2962;1.88
1255;5911.13;2955;1.88
1256;5955.38;2955;1.88
1257;5977.66;2965;1.88
1258;5930.66;2960;1.88
1259;5822.32;2952;1.88
1260;5787.53;2992;1.88
1261;5856.81;2972;1.88
1262;5935.55;2972;1.88
1263;5980.1;2876;1.88
1264;5992.31;2987;1.88
1265;5928.22;2987;1.88
1266;5834.53;2987;1.88
1267;5836.97;2980;1.88
1268;5896.18;2980;1.88
1269;5948.06;2984;1.88
1270;5970.03;2952;1.88
1271;5937.99;2977;1.88
1272;5829.65;2972;1.88
1273;5728.63;3073;1.88
1274;5748.16;2960;1.88
1275;5782.65;2955;1.88
1276;5829.65;2960;1.88
1277;5841.85;2965;1.88
1278;5800.04;2967;1.88
1279;5686.51;2960;1.88
1280;5627.31;2992;1.88
1281;5699.03;2980;1.88
1282;5787.53;2972;1.89
1283;5834.53;2881;1.89
1284;5844.29;2992;1.89
1285;5780.21;2994;1.89
1286;5671.87;2987;1.89
1287;5666.98;2984;1.89
1288;5740.84;2987;1.89
1289;5802.48;2992;1.89
1290;5824.76;2962;1.89
1291;5797.6;2984;1.89
1292;5684.07;2982;1.89
1293;5572.99;3073;1.89
1294;5592.82;2967;1.89
1295;5652.03;2967;1.89
1296;5701.47;2972;1.89
1297;5713.68;2972;1.89
1298;5659.35;2977;1.89
1299;5590.38;2967;1.89
1300;5504.01;3004;1.89
1301;5560.78;2990;1.89
1302;5664.24;2982;1.89
1303;5733.51;2898;1.89
1304;5760.67;3009;1.89
1305;5713.68;3004;1.89
1306;5619.98;3004;1.89
1307;5580.61;3004;1.89
1308;5649.59;3002;1.89
1309;5731.07;3009;1.89
1310;5768;2977;1.89
1311;5760.67;3002;1.89
1312;5669.42;3004;1.89
1313;5538.5;3088;1.89
1314;5536.06;2990;1.89
1315;5590.38;2984;1.89
1316;5654.47;2994;1.89
1317;5679.19;2997;1.89
1318;5644.7;2999;1.89
1319;5540.94;2994;1.89
1320;5476.85;3029;1.89
1321;5553.45;3014;1.89
1322;5661.79;3007;1.89
1323;5725.88;2918;1.89
1324;5748.16;3034;1.89
1325;5693.84;3029;1.89
1326;5595.26;3027;1.89
1327;5578.17;3029;1.89
1328;5654.47;3027;1.89
1329;5731.07;3034;1.89
1330;5763.12;3004;1.89
1331;5748.16;3027;1.89
1332;5639.82;3029;1.89
1333;5521.41;3120;1.89
1334;5536.06;3014;1.89
1335;5597.71;3012;1.89
1336;5654.47;3022;1.89
1337;5671.87;3024;1.89
1338;5624.87;3029;1.89
1339;5516.53;3024;1.89
1340;5471.97;3059;1.89
1341;5560.78;3044;1.89
1342;5664.24;3036;1.89
1343;5721;2955;1.89
1344;5731.07;3068;1.89
1345;5666.98;3063;1.89
1346;5568.1;3056;1.9
1347;5555.9;3061;1.9
1348;5619.98;3061;1.9
1349;5703.91;3066;1.9
1350;5740.84;3036;1.9
1351;5740.84;3063;1.9
1352;5656.91;3066;1.9
1353;5528.73;3150;1.9
1354;5511.34;3049;1.9
1355;5563.22;3046;1.9
1356;5629.75;3061;1.9
1357;5659.35;3059;1.9
1358;5632.19;3063;1.9
1359;5531.17;3056;1.9
1360;5449.69;3095;1.9
1361;5516.53;3078;1.9
1362;5624.87;3071;1.9
1363;5693.84;2992;1.9
1364;5718.56;3103;1.9
1365;5674.31;3098;1.9
1366;5575.73;3091;1.9
1367;5543.38;3100;1.9
1368;5617.54;3100;1.9
1369;5693.84;3098;1.9
1370;5731.07;3071;1.9
1371;5718.56;3095;1.9
1372;5622.43;3093;1.9
1373;5496.69;3184;1.9
1374;5501.57;3091;1.9
1375;5560.78;3083;1.9
1376;5627.31;3083;1.9
1377;5647.15;3098;1.9
1378;5610.22;3098;1.9
1379;5501.57;3095;1.9
1380;5442.37;3130;1.9
1381;5526.29;3118;1.9
1382;5629.75;3118;1.9
1383;5688.96;3027;1.9
1384;5708.79;3130;1.9
1385;5644.7;3135;1.9
1386;5548.57;3140;1.9
1387;5538.5;3132;1.9
1388;5615.1;3135;1.9
1389;5688.96;3140;1.9
1390;5718.56;3110;1.9
1391;5693.84;3135;1.9
1392;5585.5;3132;1.9
1393;5471.97;3224;1.9
1394;5481.73;3128;1.9
1395;5540.94;3123;1.9
1396;5607.78;3120;1.9
1397;5629.75;3135;1.9
1398;5597.71;3135;1.9
1399;5489.36;3132;1.91
1400;5425.28;3170;1.91
1401;5496.69;3152;1.91
1402;5602.59;3157;1.91
1403;5669.42;3061;1.91
1404;5686.51;3172;1.91
1405;5632.19;3172;1.91
1406;5531.17;3177;1.91
1407;5516.53;3170;1.91
1408;5590.38;3177;1.91
1409;5669.42;3179;1.91
1410;5701.47;3150;1.91
1411;5679.19;3175;1.91
1412;5580.61;3170;1.91
1413;5459.76;3271;1.91
1414;5479.29;3164;1.91
1415;5540.94;3162;1.91
1416;5602.59;3164;1.91
1417;5619.98;3175;1.91
1418;5602.59;3175;1.91
1419;5511.34;3170;1.91
1420;5415.2;3204;1.91
1421;5459.76;3192;1.91
1422;5560.78;3197;1.91
1423;5639.82;3098;1.91
1424;5676.75;3207;1.91
1425;5642.26;3211;1.91
1426;5548.57;3209;1.91
1427;5499.13;3209;1.91
1428;5565.66;3209;1.91
1429;5652.03;3216;1.91
1430;5693.84;3187;1.91
1431;5693.84;3209;1.91
1432;5619.98;3207;1.91
1433;5494.25;3308;1.91
1434;5479.29;3202;1.91
1435;5536.06;3197;1.91
1436;5602.59;3207;1.91
1437;5632.19;3209;1.91
1438;5607.78;3211;1.91
1439;5506.46;3204;1.91
1440;5422.83;3241;1.91
1441;5474.41;3231;1.91
1442;5578.17;3229;1.91
1443;5649.59;3135;1.91
1444;5679.19;3248;1.91
1445;5639.82;3248;1.91
1446;5543.38;3248;1.91
1447;5514.08;3246;1.91
1448;5585.5;3248;1.92
1449;5666.98;3253;1.92
1450;5701.47;3224;1.92
1451;5699.03;3246;1.92
1452;5617.54;3246;1.92
1453;5494.25;3342;1.92
1454;5494.25;3239;1.92
1455;5548.57;3234;1.92
1456;5612.66;3244;1.92
1457;5634.63;3248;1.92
1458;5597.71;3246;1.92
1459;5491.81;3248;1.92
1460;5417.65;3280;1.92
1461;5476.85;3268;1.92
1462;5585.5;3268;1.92
1463;5649.59;3172;1.92
1464;5669.42;3251;1.92
1465;5619.98;3286;1.92
1466;5568.1;3308;1.92
1467;5504.01;3276;1.92
1468;5560.78;3288;1.92
1469;5647.15;3288;1.92
1470;5693.84;3268;1.92
1471;5708.79;3273;1.92
1472;5649.59;3283;1.92
1473;5521.41;3310;1.92
1474;5484.48;3303;1.92
1475;5531.17;3266;1.92
1476;5595.26;3248;1.92
1477;5624.87;3286;1.92
1478;5605.03;3280;1.92
1479;5511.34;3278;1.92
1480;5412.76;3308;1.92
1481;5447.25;3305;1.92
1482;5548.57;3303;1.92
1483;5627.31;3271;1.92
1484;5656.91;3288;1.92
1485;5624.87;3323;1.92
1486;5533.62;3347;1.92
1487;5489.36;3308;1.92
1488;5553.45;3320;1.92
1489;5642.26;3323;1.92
1490;5674.31;3293;1.92
1491;5676.75;3310;1.92
1492;5597.71;3315;1.92
1493;5471.97;3355;1.92
1494;5457.32;3332;1.93
1495;5516.53;3300;1.93
1496;5578.17;3283;1.93
1497;5602.59;3320;1.93
1498;5578.17;3310;1.93
1499;5471.97;3310;1.93
1500;5400.56;3345;1.93
1501;5462.2;3335;1.93
1502;5560.78;3332;1.93
1503;5627.31;3298;1.93
1504;5647.15;3325;1.93
1505;5597.71;3352;1.93
1506;5501.57;3374;1.93
1507;5476.85;3340;1.93
1508;5551.01;3352;1.93
1509;5629.75;3352;1.93
1510;5661.79;3320;1.93
1511;5649.59;3342;1.93
1512;5553.45;3345;1.93
1513;5435.04;3389;1.93
1514;5435.04;3355;1.93
1515;5494.25;3332;1.93
1516;5558.34;3312;1.93
1517;5583.06;3350;1.93
1518;5555.9;3342;1.93
1519;5457.32;3340;1.93
1520;5373.39;3379;1.93
1521;5435.04;3364;1.93
1522;5536.06;3359;1.93
1523;5607.78;3315;1.93
1524;5629.75;3359;1.93
1525;5583.06;3384;1.93
1526;5484.48;3401;1.93
1527;5454.88;3372;1.93
1528;5526.29;3379;1.93
1529;5607.78;3382;1.93
1530;5642.26;3347;1.93
1531;5627.31;3369;1.93
1532;5536.06;3377;1.93
1533;5415.2;3426;1.93
1534;5415.2;3382;1.93
1535;5479.29;3359;1.93
1536;5540.94;3340;1.93
1537;5555.9;3377;1.93
1538;5548.57;3367;1.93
1539;5462.2;3367;1.94
1540;5353.56;3406;1.94
1541;5385.6;3392;1.94
1542;5486.92;3387;1.94
1543;5572.99;3340;1.94
1544;5605.03;3387;1.94
1545;5578.17;3406;1.94
1546;5484.48;3431;1.94
1547;5417.65;3396;1.94
1548;5471.97;3406;1.94
1549;5560.78;3406;1.94
1550;5605.03;3377;1.94
1551;5607.78;3396;1.94
1552;5531.17;3399;1.94
1553;5400.56;3453;1.94
1554;5366.07;3406;1.94
1555;5422.83;3387;1.94
1556;5494.25;3367;1.94
1557;5523.85;3401;1.94
1558;5508.9;3394;1.94
1559;5410.32;3392;1.94
1560;5316.63;3434;1.94
1561;5368.51;3414;1.94
1562;5471.97;3411;1.94
1563;5548.57;3357;1.94
1564;5572.99;3411;1.94
1565;5533.62;3434;1.94
1566;5435.04;3451;1.94
1567;5383.16;3421;1.94
1568;5449.69;3431;1.94
1569;5538.5;3431;1.94
1570;5572.99;3399;1.94
1571;5568.1;3419;1.94
1572;5479.29;3424;1.94
1573;5348.67;3480;1.94
1574;5334.03;3424;1.94
1575;5400.56;3406;1.94
1576;5467.09;3389;1.94
1577;5494.25;3424;1.94
1578;5459.76;3419;1.94
1579;5356;3419;1.94
1580;5274.82;3451;1.94
1581;5343.79;3434;1.94
1582;5452.13;3434;1.94
1583;5521.41;3374;1.94
1584;5538.5;3434;1.95
1585;5516.53;3451;1.95
1586;5430.16;3471;1.95
1587;5348.67;3441;1.95
1588;5395.67;3451;1.95
1589;5484.48;3451;1.95
1590;5531.17;3419;1.95
1591;5540.94;3441;1.95
1592;5471.97;3443;1.95
1593;5341.35;3503;1.95
1594;5284.59;3443;1.95
1595;5338.91;3426;1.95
1596;5412.76;3411;1.95
1597;5447.25;3439;1.95
1598;5435.04;3436;1.95
1599;5346.23;3436;1.95
1600;5237.59;3471;1.95
1601;5277.26;3453;1.95
1602;5385.6;3453;1.95
1603;5471.97;3387;1.95
1604;5499.13;3458;1.95
1605;5467.09;3471;1.95
1606;5370.95;3485;1.95
1607;5301.98;3460;1.95
1608;5363.63;3471;1.95
1609;5452.13;3466;1.95
1610;5501.57;3436;1.95
1611;5499.13;3458;1.95
1612;5415.2;3463;1.95
1613;5279.7;3527;1.95
1614;5247.66;3458;1.95
1615;5314.19;3446;1.95
1616;5388.04;3434;1.95
1617;5417.65;3458;1.95
1618;5390.48;3456;1.95
1619;5289.47;3453;1.95
1620;5193.33;3485;1.95
1621;5250.1;3471;1.95
1622;5360.88;3468;1.95
1623;5437.48;3396;1.95
1624;5462.2;3471;1.95
1625;5415.2;3488;1.95
1626;5311.75;3495;1.95
1627;5264.75;3478;1.95
1628;5338.91;3485;1.95
1629;5425.28;3480;1.95
1630;5464.64;3456;1.95
1631;5452.13;3475;1.96
1632;5358.44;3475;1.96
1633;5247.66;3549;1.96
1634;5207.98;3473;1.96
1635;5267.19;3463;1.96
1636;5346.23;3451;1.96
1637;5380.72;3475;1.96
1638;5353.56;3475;1.96
1639;5252.54;3468;1.96
1640;5153.97;3503;1.96
1641;5200.66;3488;1.96
1642;5314.19;3485;1.96
1643;5395.67;3406;1.96
1644;5420.09;3493;1.96
1645;5375.84;3503;1.96
1646;5274.82;3512;1.96
1647;5215.61;3493;1.96
1648;5284.59;3498;1.96
1649;5375.84;3498;1.96
1650;5420.09;3468;1.96
1651;5410.32;3493;1.96
1652;5316.63;3490;1.96
1653;5175.94;3569;1.96
1654;5161.29;3530;1.96
1655;5227.82;3475;1.96
1656;5306.86;3473;1.96
1657;5326.4;3495;1.96
1658;5321.51;3483;1.96
1659;5235.15;3485;1.96
1660;5116.73;3507;1.96
1661;5129.25;3510;1.96
1662;5237.59;3498;1.96
1663;5334.03;3493;1.96
1664;5373.39;3458;1.96
1665;5351.12;3520;1.96
1666;5252.54;3522;1.96
1667;5163.73;3498;1.96
1668;5213.17;3512;1.96
1669;5309.31;3517;1.96
1670;5368.51;3490;1.96
1671;5373.39;3495;1.96
1672;5299.23;3507;1.96
1673;5158.85;3512;1.96
1674;5102.08;3537;1.96
1675;5166.17;3488;1.96
1676;5247.66;3485;1.96
1677;5289.47;3512;1.96
1678;5269.94;3493;1.96
1679;5173.5;3495;1.96
1680;5057.83;3520;1.97
1681;5097.2;3522;1.97
1682;5210.73;3510;1.97
1683;5301.98;3500;1.97
1684;5334.03;3478;1.97
1685;5291.91;3535;1.97
1686;5188.45;3535;1.97
1687;5116.73;3507;1.97
1688;5178.69;3527;1.97
1689;5279.7;3525;1.97
1690;5328.84;3495;1.97
1691;5321.51;3505;1.97
1692;5230.26;3515;1.97
1693;5089.88;3525;1.97
1694;5057.83;3544;1.97
1695;5126.8;3498;1.97
1696;5205.54;3488;1.97
1697;5240.33;3517;1.97
1698;5210.73;3505;1.97
1699;5099.64;3500;1.97
1700;5001.07;3535;1.97
1701;5055.09;3530;1.97
1702;5171.06;3520;1.97
1703;5257.42;3510;1.97
1704;5282.14;3490;1.97
1705;5259.87;3537;1.97
1706;5168.62;3549;1.97
1707;5065.16;3515;1.97
1708;5099.64;3537;1.97
1709;5203.1;3535;1.97
1710;5272.38;3505;1.97
1711;5279.7;3515;1.97
1712;5215.61;3525;1.97
1713;5077.36;3535;1.97
1714;5001.07;3549;1.97
1715;5057.83;3503;1.97
1716;5143.89;3493;1.97
1717;5193.33;3527;1.97
1718;5178.69;3512;1.97
1719;5082.25;3507;1.97
1720;4961.39;3540;1.97
1721;4983.67;3535;1.97
1722;5099.64;3530;1.97
1723;5203.1;3515;1.97
1724;5235.15;3503;1.97
1725;5205.54;3549;1.97
1726;5102.08;3562;1.97
1727;5015.72;3525;1.97
1728;5072.48;3540;1.97
1729;5175.94;3542;1.97
1730;5232.7;3512;1.97
1731;5232.7;3520;1.97
1732;5149.08;3532;1.98
1733;5005.95;3544;1.98
1734;4954.07;3552;1.98
1735;5018.16;3510;1.98
1736;5106.97;3495;1.98
1737;5143.89;3530;1.98
1738;5119.48;3522;1.98
1739;5013.28;3517;1.98
1740;4899.75;3547;1.98
1741;4944.3;3544;1.98
1742;5062.72;3532;1.98
1743;5158.85;3520;1.98
1744;5188.45;3512;1.98
1745;5146.34;3557;1.98
1746;5033.11;3567;1.98
1747;4963.84;3532;1.98
1748;5035.55;3549;1.98
1749;5136.57;3552;1.98
1750;5190.89;3520;1.98
1751;5178.69;3532;1.98
1752;5106.97;3540;1.98
1753;4961.39;3552;1.98
1754;4899.75;3554;1.98
1755;4963.84;3515;1.98
1756;5057.83;3500;1.98
1757;5097.2;3537;1.98
1758;5072.48;3525;1.98
1759;4973.91;3522;1.98
1760;4855.49;3557;1.98
1761;4892.42;3547;1.98
1762;5018.16;3540;1.98
1763;5114.29;3522;1.98
1764;5149.08;3520;1.98
1765;5106.97;3559;1.98
1766;4998.63;3574;1.98
1767;4924.47;3537;1.98
1768;4991;3552;1.98
1769;5094.76;3552;1.98
1770;5149.08;3522;1.98
1771;5141.45;3535;1.98
1772;5047.76;3542;1.98
1773;4899.75;3559;1.98
1774;4865.26;3557;1.98
1775;4936.98;3525;1.98
1776;4991;3503;1.98
1777;5052.64;3542;1.98
1778;5045.32;3530;1.98
1779;4963.84;3525;1.98
1780;4830.77;3559;1.98
1781;4825.89;3552;1.98
1782;4941.86;3542;1.98
1783;5055.09;3525;1.98
1784;5104.53;3527;1.98
1785;5082.25;3564;1.98
1786;4986.11;3579;1.98
1787;4882.66;3542;1.98
1788;4919.58;3557;1.99
1789;5028.23;3559;1.99
1790;5099.64;3527;1.99
1791;5106.97;3540;1.99
1792;5030.67;3547;1.99
1793;4887.54;3572;1.99
1794;4806.06;3562;1.99
1795;4867.7;3527;1.99
1796;4956.51;3507;1.99
1797;5010.83;3544;1.99
1798;4993.44;3532;1.99
1799;4894.86;3530;1.99
1800;4769.13;3567;1.99
1801;4786.52;3554;1.99
1802;4909.82;3547;1.99
1803;5018.16;3527;1.99
1804;5057.83;3532;1.99
1805;5023.04;3567;1.99
1806;4919.58;3584;1.99
1807;4830.77;3549;1.99
1808;4889.98;3557;1.99
1809;5001.07;3562;1.99
1810;5060.27;3532;1.99
1811;5057.83;3544;1.99
1812;4969.02;3549;1.99
1813;4821.01;3572;1.99
1814;4766.69;3562;1.99
1815;4835.66;3532;1.99
1816;4929.35;3507;1.99
1817;4971.47;3549;1.99
1818;4941.86;3537;1.99
1819;4830.77;3535;1.99
1820;4714.8;3564;1.99
1821;4756.92;3554;1.99
1822;4882.66;3549;1.99
1823;4956.51;3520;1.99
1824;5010.83;3540;1.99
1825;4996.19;3567;1.99
1826;4904.93;3591;1.99
1827;4793.85;3549;1.99
1828;4818.57;3562;1.99
1829;4926.91;3564;1.99
1830;5010.83;3532;1.99
1831;5025.79;3547;1.99
1832;4958.95;3547;1.99
1833;4821.01;3574;1.99
1834;4724.88;3559;1.99
1835;4776.45;3535;1.99
1836;4870.14;3510;1.99
1837;4926.91;3549;1.99
1838;4917.14;3537;1.99
1839;4823.45;3540;1.99
1840;4692.83;3569;1.99
1841;4700.16;3557;1.99
1842;4816.13;3552;1.99
1843;4929.35;3520;1.99
1844;4978.79;3517;1.99
1845;4951.63;3574;1.99
1846;4853.05;3574;1.99
1847;4754.48;3547;2
1848;4798.73;3562;2
1849;4909.82;3562;2
1850;4983.67;3542;2
1851;4991;3542;2
1852;4907.38;3552;2
1853;4764.24;3559;2
1854;4690.39;3587;2
1855;4752.04;3530;2
1856;4848.17;3522;2
1857;4894.86;3549;2
1858;4872.59;3537;2
1859;4769.13;3537;2
1860;4645.83;3562;2
1861;4672.99;3564;2
1862;4798.73;3554;2
1863;4902.19;3542;2
1864;4941.86;3520;2
1865;4902.19;3572;2
1866;4796.29;3582;2
1867;4712.36;3547;2
1868;4776.45;3562;2
1869;4889.98;3562;2
1870;4954.07;3540;2
1871;4956.51;3544;2
1872;4882.66;3554;2
1873;4737.08;3559;2
1874;4655.6;3582;2
1875;4714.8;3532;2
1876;4808.5;3520;2
1877;4860.38;3552;2
1878;4838.1;3540;2
1879;4741.97;3535;2
1880;4613.79;3564;2
1881;4631.18;3562;2
1882;4754.48;3552;2
1883;4860.38;3542;2
1884;4902.19;3522;2
1885;4870.14;3574;2
1886;4761.8;3579;2
1887;4675.44;3547;2
1888;4732.2;3564;2
1889;4843.29;3567;2
1890;4912.26;3540;2
1891;4909.82;3542;2
1892;4821.01;3552;2
1893;4675.44;3559;2
1894;4621.11;3579;2
1895;4660.79;3535;2
1896;4749.29;3520;2
1897;4818.57;3552;2
1898;4818.57;3540;2
1899;4734.64;3535;2
1900;4604.02;3564;2
1901;4574.42;3562;2
1902;4685.2;3552;2
1903;4803.61;3540;2
1904;4862.82;3527;2
1905;4843.29;3569;2
1906;4754.48;3582;2
1907;4645.83;3549;2
1908;4670.55;3559;2
1909;4776.45;3567;2
1910;4862.82;3537;2
1911;4877.77;3544;2.01
1912;4810.94;3554;2.01
1913;4677.88;3559;2.01
1914;4584.19;3576;2.01
1915;4636.07;3535;2.01
1916;4732.2;3515;2.01
1917;4788.96;3554;2.01
1918;4774.01;3540;2.01
1919;4680.32;3535;2.01
1920;4552.14;3567;2.01
1921;4549.7;3559;2.01
1922;4663.23;3554;2.01
1923;4778.89;3542;2.01
1924;4825.89;3532;2.01
1925;4798.73;3572;2.01
1926;4700.16;3587;2.01
1927;4599.14;3547;2.01
1928;4648.27;3564;2.01
1929;4761.8;3567;2.01
1930;4835.66;3535;2.01
1931;4838.1;3544;2.01
1932;4756.92;3552;2.01
1933;4621.11;3564;2.01
1934;4552.14;3574;2.01
1935;4611.35;3535;2.01
1936;4705.04;3512;2.01
1937;4752.04;3549;2.01
1938;4727.32;3540;2.01
1939;4628.44;3542;2.01
1940;4505.14;3540;2.01
1941;4534.75;3567;2.01
1942;4655.6;3554;2.01
1943;4729.76;3540;2.01
1944;4791.41;3478;2.01
1945;4786.52;3572;2.01
1946;4702.6;3564;2.01
1947;4591.51;3547;2.01
1948;4599.14;3562;2.01
1949;4705.04;3557;2.01
1950;4791.41;3557;2.01
1951;4818.57;3535;2.01
1952;4759.36;3552;2.01
1953;4626;3557;2.01
1954;4522.54;3621;2.01
1955;4561.91;3532;2.01
1956;4653.16;3535;2.01
1957;4714.8;3552;2.01
1958;4712.36;3540;2.01
1959;4623.55;3540;2.01
1960;4497.82;3540;2.01
1961;4483.17;3564;2.01
1962;4593.95;3552;2.01
1963;4709.92;3540;2.01
1964;4761.8;3483;2.01
1965;4744.41;3569;2.01
1966;4655.6;3564;2.01
1967;4552.14;3542;2.01
1968;4581.74;3559;2.01
1969;4685.2;3557;2.01
1970;4766.69;3557;2.01
1971;4778.89;3532;2.01
1972;4709.92;3552;2.01
1973;4576.86;3559;2.01
1974;4492.93;3621;2.01
1975;4547.26;3535;2.01
1976;4636.07;3535;2.01
1977;4690.39;3552;2.01
1978;4672.99;3540;2.01
1979;4584.19;3542;2.01
1980;4460.89;3540;2.01
1981;4473.1;3562;2.01
1982;4586.63;3552;2.02
1983;4690.39;3535;2.02
1984;4741.97;3488;2.02
1985;4709.92;3569;2.02
1986;4613.79;3564;2.02
1987;4524.98;3544;2.02
1988;4574.42;3562;2.02
1989;4677.88;3557;2.02
1990;4737.08;3554;2.02
1991;4754.48;3537;2.02
1992;4685.2;3547;2.02
1993;4557.02;3562;2.02
1994;4468.22;3614;2.02
1995;4515.21;3532;2.02
1996;4601.58;3532;2.02
1997;4660.79;3549;2.02
1998;4648.27;3537;2.02
1999;4559.47;3537;2.02
2000;4438.61;3542;2.02
2001;4441.05;3562;2.02
2002;4557.02;3552;2.02
2003;4663.23;3540;2.02
2004;4712.36;3485;2.02
2005;4690.39;3564;2.02
2006;4596.39;3564;2.02
2007;4502.7;3542;2.02
2008;4549.7;3557;2.02
2009;4653.16;3562;2.02
2010;4722.43;3552;2.02
2011;4729.76;3535;2.02
2012;4650.72;3547;2.02
2013;4517.66;3559;2.02
2014;4456.01;3611;2.02
2015;4478.29;3532;2.02
2016;4561.91;3532;2.02
2017;4631.18;3549;2.02
2018;4640.95;3537;2.02
2019;4569.54;3537;2.02
2020;4446.24;3542;2.02
2021;4404.13;3562;2.02
2022;4505.14;3549;2.02
2023;4618.67;3537;2.02
2024;4682.76;3485;2.02
2025;4680.32;3567;2.02
2026;4604.02;3564;2.02
2027;4497.82;3542;2.02
2028;4507.89;3557;2.02
2029;4604.02;3554;2.02
2030;4687.64;3552;2.02
2031;4712.36;3532;2.02
2032;4653.16;3547;2.02
2033;4529.86;3559;2.02
2034;4431.29;3609;2.02
2035;4468.22;3530;2.02
2036;4552.14;3532;2.02
2037;4611.35;3552;2.02
2038;4608.91;3535;2.02
2039;4527.42;3535;2.02
2040;4406.57;3544;2.02
2041;4389.48;3559;2.02
2042;4497.82;3547;2.02
2043;4608.91;3540;2.02
2044;4660.79;3490;2.02
2045;4648.27;3567;2.02
2046;4564.35;3559;2.02
2047;4465.77;3542;2.02
2048;4490.49;3557;2.02
2049;4593.95;3554;2.02
2050;4665.67;3544;2.02
2051;4682.76;3532;2.02
2052;4616.23;3547;2.02
2053;4488.05;3557;2.02
2054;4406.57;3601;2.02
2055;4458.45;3530;2.02
2056;4544.82;3530;2.02
2057;4591.51;3549;2.03
2058;4581.74;3537;2.03
2059;4492.93;3535;2.03
2060;4376.96;3544;2.03
2061;4387.04;3557;2.03
2062;4448.68;3549;2.03
2063;4566.79;3537;2.03
2064;4633.63;3493;2.03
2065;4638.51;3567;2.03
2066;4571.98;3562;2.03
2067;4458.45;3542;2.03
2068;4456.01;3554;2.03
2069;4547.26;3554;2.03
2070;4628.44;3547;2.03
2071;4660.79;3532;2.03
2072;4618.67;3544;2.03
2073;4500.26;3554;2.03
2074;4389.48;3596;2.03
2075;4413.89;3530;2.03
2076;4495.38;3530;2.03
2077;4559.47;3552;2.03
2078;4566.79;3535;2.03
2079;4495.38;3535;2.03
2080;4379.41;3544;2.03
2081;4347.36;3559;2.03
2082;4446.24;3544;2.03
2083;4557.02;3537;2.03
2084;4616.23;3495;2.03
2085;4616.23;3569;2.03
2086;4539.93;3562;2.03
2087;4436.17;3540;2.03
2088;4448.68;3557;2.03
2089;4544.82;3554;2.03
2090;4621.11;3544;2.03
2091;4640.95;3532;2.03
2092;4584.19;3547;2.03
2093;4463.33;3554;2.03
2094;4369.64;3591;2.03
2095;4411.45;3532;2.03
2096;4490.49;3527;2.03
2097;4544.82;3547;2.03
2098;4542.37;3535;2.03
2099;4463.33;3535;2.03
2100;4347.36;3547;2.03
2101;4340.04;3554;2.03
2102;4448.68;3547;2.03
2103;4549.7;3537;2.03
2104;4604.02;3500;2.03
2105;4591.51;3567;2.03
2106;4505.14;3562;2.03
2107;4416.64;3540;2.03
2108;4448.68;3554;2.03
2109;4542.37;3554;2.03
2110;4601.58;3540;2.03
2111;4626;3532;2.03
2112;4576.86;3544;2.03
2113;4453.57;3554;2.03
2114;4354.99;3587;2.03
2115;4391.92;3527;2.03
2116;4468.22;3527;2.03
2117;4527.42;3544;2.03
2118;4524.98;3535;2.03
2119;4451.12;3532;2.03
2120;4335.15;3547;2.03
2121;4320.2;3557;2.03
2122;4423.96;3547;2.03
2123;4524.98;3540;2.03
2124;4581.74;3503;2.03
2125;4571.98;3557;2.03
2126;4495.38;3554;2.03
2127;4399.24;3549;2.03
2128;4426.4;3552;2.03
2129;4520.1;3552;2.03
2130;4591.51;3557;2.03
2131;4608.91;3527;2.03
2132;4547.26;3544;2.03
2133;4426.4;3544;2.03
2134;4354.99;3626;2.03
2135;4364.76;3532;2.03
2136;4436.17;3530;2.03
2137;4500.26;3537;2.04
2138;4517.66;3537;2.04
2139;4460.89;3537;2.04
2140;4349.8;3532;2.04
2141;4293.34;3562;2.04
2142;4376.96;3547;2.04
2143;4488.05;3540;2.04
2144;4552.14;3463;2.04
2145;4561.91;3559;2.04
2146;4500.26;3557;2.04
2147;4399.24;3544;2.04
2148;4391.92;3544;2.04
2149;4478.29;3554;2.04
2150;4561.91;3552;2.04
2151;4591.51;3527;2.04
2152;4552.14;3542;2.04
2153;4441.05;3549;2.04
2154;4330.27;3623;2.04
2155;4357.43;3532;2.04
2156;4428.85;3532;2.04
2157;4490.49;3540;2.04
2158;4497.82;3535;2.04
2159;4431.29;3532;2.04
2160;4320.2;3530;2.04
2161;4290.6;3554;2.04
2162;4381.85;3544;2.04
2163;4485.61;3537;2.04
2164;4542.37;3466;2.04
2165;4542.37;3557;2.04
2166;4470.66;3557;2.04
2167;4372.08;3544;2.04
2168;4391.92;3549;2.04
2169;4480.73;3552;2.04
2170;4554.58;3554;2.04
2171;4579.3;3527;2.04
2172;4527.42;3542;2.04
2173;4411.45;3549;2.04
2174;4320.2;3619;2.04
2175;4357.43;3532;2.04
2176;4431.29;3525;2.04
2177;4483.17;3540;2.04
2178;4480.73;3535;2.04
2179;4406.57;3535;2.04
2180;4293.34;3530;2.04
2181;4285.71;3562;2.04
2182;4344.92;3544;2.04
2183;4451.12;3537;2.04
2184;4517.66;3463;2.04
2185;4534.75;3559;2.04
2186;4480.73;3554;2.04
2187;4381.85;3544;2.04
2188;4359.87;3547;2.04
2189;4441.05;3552;2.04
2190;4522.54;3552;2.04
2191;4557.02;3525;2.04
2192;4524.98;3544;2.04
2193;4421.52;3549;2.04
2194;4307.99;3623;2.04
2195;4320.2;3527;2.04
2196;4389.48;3530;2.04
2197;4453.57;3537;2.04
2198;4468.22;3535;2.04
2199;4413.89;3535;2.04
2200;4305.55;3525;2.04
2201;4260.99;3559;2.04
2202;4344.92;3542;2.04
2203;4446.24;3535;2.04
2204;4505.14;3466;2.04
2205;4515.21;3554;2.04
2206;4453.57;3557;2.04
2207;4357.43;3540;2.04
2208;4354.99;3544;2.04
2209;4441.05;3552;2.04
2210;4515.21;3552;2.04
2211;4544.82;3527;2.04
2212;4500.26;3544;2.04
2213;4391.92;3549;2.04
2214;4293.34;3621;2.04
2215;4320.2;3527;2.04
2216;4394.36;3525;2.04
2217;4448.68;3542;2.04
2218;4456.01;3532;2.04
2219;4387.04;3532;2.04
2220;4280.83;3527;2.04
2221;4256.11;3554;2.04
2222;4349.8;3544;2.04
2223;4446.24;3535;2.05
2224;4500.26;3463;2.05
2225;4497.82;3557;2.05
2226;4426.4;3554;2.05
2227;4335.15;3540;2.05
2228;4352.24;3549;2.05
2229;4441.05;3549;2.05
2230;4497.82;3549;2.05
2231;4529.86;3525;2.05
2232;4488.05;3540;2.05
2233;4387.04;3552;2.05
2234;4280.83;3616;2.05
2235;4303.11;3527;2.05
2236;4376.96;3527;2.05
2237;4433.73;3544;2.05
2238;4441.05;3535;2.05
2239;4379.41;3535;2.05
2240;4273.51;3525;2.05
2241;4241.46;3557;2.05
2242;4332.71;3542;2.05
2243;4428.85;3532;2.05
2244;4485.61;3466;2.05
2245;4488.05;3557;2.05
2246;4421.52;3557;2.05
2247;4325.39;3542;2.05
2248;4335.15;3547;2.05
2249;4423.96;3547;2.05
2250;4490.49;3549;2.05
2251;4515.21;3525;2.05
2252;4463.33;3544;2.05
2253;4352.24;3549;2.05
2254;4280.83;3614;2.05
2255;4278.39;3525;2.05
2256;4342.48;3525;2.05
2257;4409.01;3542;2.05
2258;4431.29;3532;2.05
2259;4391.92;3530;2.05
2260;4288.16;3530;2.05
2261;4221.63;3554;2.05
2262;4290.6;3542;2.05
2263;4394.36;3532;2.05
2264;4458.45;3471;2.05
2265;4478.29;3562;2.05
2266;4426.4;3554;2.05
2267;4330.27;3537;2.05
2268;4307.99;3552;2.05
2269;4384.29;3549;2.05
2270;4463.33;3547;2.05
2271;4500.26;3525;2.05
2272;4470.66;3542;2.05
2273;4374.52;3547;2.05
2274;4266.18;3609;2.05
2275;4275.95;3527;2.05
2276;4347.36;3527;2.05
2277;4406.57;3542;2.05
2278;4423.96;3530;2.05
2279;4369.64;3530;2.05
2280;4266.18;3530;2.05
2281;4219.18;3554;2.05
2282;4300.67;3544;2.05
2283;4399.24;3532;2.05
2284;4456.01;3471;2.05
2285;4465.77;3557;2.05
2286;4409.01;3554;2.05
2287;4310.43;3540;2.05
2288;4307.99;3552;2.05
2289;4391.92;3547;2.05
2290;4460.89;3549;2.05
2291;4490.49;3525;2.05
2292;4451.12;3542;2.05
2293;4347.36;3549;2.05
2294;4248.79;3609;2.05
2295;4275.95;3525;2.05
2296;4342.48;3527;2.05
2297;4399.24;3542;2.05
2298;4404.13;3532;2.05
2299;4342.48;3532;2.05
2300;4236.58;3527;2.05
2301;4214.3;3554;2.05
2302;4263.74;3542;2.05
2303;4364.76;3530;2.05
2304;4431.29;3471;2.05
2305;4458.45;3559;2.05
2306;4419.08;3554;2.05
2307;4322.64;3535;2.05
2308;4288.16;3549;2.05
2309;4357.43;3549;2.05
2310;4438.61;3547;2.05
2311;4478.29;3527;2.05
2312;4456.01;3542;2.06
2313;4367.2;3552;2.06
2314;4253.67;3619;2.06
2315;4253.67;3532;2.06
2316;4320.2;3530;2.06
2317;4379.41;3537;2.06
2318;4404.13;3530;2.06
2319;4354.99;3535;2.06
2320;4258.55;3530;2.06
2321;4196.91;3554;2.06
2322;4271.07;3540;2.06
2323;4369.64;3535;2.06
2324;4428.85;3463;2.06
2325;4448.68;3549;2.06
2326;4399.24;3554;2.06
2327;4303.11;3544;2.06
2328;4285.71;3544;2.06
2329;4364.76;3547;2.06
2330;4436.17;3547;2.06
2331;4470.66;3522;2.06
2332;4438.61;3542;2.06
2333;4337.6;3544;2.06
2334;4234.14;3619;2.06
2335;4256.11;3530;2.06
2336;4320.2;3527;2.06
2337;4376.96;3535;2.06
2338;4389.48;3532;2.06
2339;4337.6;3532;2.06
2340;4234.14;3530;2.06
2341;4194.46;3554;2.06
2342;4280.83;3542;2.06
2343;4376.96;3537;2.06
2344;4428.85;3460;2.06
2345;4441.05;3554;2.06
2346;4379.41;3552;2.06
2347;4288.16;3542;2.06
2348;4290.6;3547;2.06
2349;4354.99;3547;2.06
2350;4428.85;3549;2.06
2351;4463.33;3525;2.06
2352;4438.61;3540;2.06
2353;4342.48;3544;2.06
2354;4234.14;3619;2.06
2355;4248.79;3527;2.06
2356;4312.88;3530;2.06
2357;4372.08;3540;2.06
2358;4389.48;3532;2.06
2359;4337.6;3532;2.06
2360;4236.58;3527;2.06
2361;4187.14;3554;2.06
2362;4268.62;3542;2.06
2363;4362.32;3535;2.06
2364;4419.08;3466;2.06
2365;4431.29;3554;2.06
2366;4374.52;3554;2.06
2367;4285.71;3540;2.06
2368;4280.83;3544;2.06
2369;4362.32;3544;2.06
2370;4431.29;3552;2.06
2371;4460.89;3525;2.06
2372;4423.96;3542;2.06
2373;4364.76;3544;2.06
2374;4248.79;3616;2.06
2375;4228.95;3527;2.06
2376;4288.16;3525;2.06
2377;4352.24;3537;2.06
2378;4376.96;3530;2.06
2379;4344.92;3530;2.06
2380;4253.67;3527;2.06
2381;4177.37;3552;2.06
2382;4236.58;3540;2.06
2383;4332.71;3532;2.06
2384;4399.24;3466;2.06
2385;4426.4;3557;2.06
2386;4387.04;3554;2.06
2387;4298.23;3542;2.06
2388;4263.74;3547;2.06
2389;4332.71;3547;2.06
2390;4409.01;3547;2.06
2391;4448.68;3525;2.06
2392;4433.73;3542;2.06
2393;4340.04;3549;2.06
2394;4231.39;3614;2.06
2395;4231.39;3527;2.06
2396;4295.79;3530;2.06
2397;4352.24;3542;2.06
2398;4374.52;3530;2.06
2399;4330.27;3530;2.06
2400;4231.39;3527;2.06
2401;4172.49;3554;2.06
2402;4243.9;3544;2.07
2403;4340.04;3530;2.07
2404;4396.8;3466;2.07
2405;4419.08;3559;2.07
2406;4372.08;3554;2.07
2407;4278.39;3532;2.07
2408;4263.74;3547;2.07
2409;4340.04;3552;2.07
2410;4413.89;3547;2.07
2411;4446.24;3522;2.07
2412;4419.08;3537;2.07
2413;4320.2;3537;2.07
2414;4219.18;3574;2.07
2415;4234.14;3544;2.07
2416;4303.11;3527;2.07
2417;4357.43;3505;2.07
2418;4367.2;3540;2.07
2419;4315.32;3530;2.07
2420;4214.3;3530;2.07
2421;4169.74;3557;2.07
2422;4214.3;3544;2.07
2423;4310.43;3542;2.07
2424;4384.29;3495;2.07
2425;4413.89;3542;2.07
2426;4384.29;3554;2.07
2427;4295.79;3569;2.07
2428;4251.23;3540;2.07
2429;4312.88;3552;2.07
2430;4391.92;3547;2.07
2431;4436.17;3522;2.07
2432;4426.4;3537;2.07
2433;4344.92;3535;2.07
2434;4231.39;3579;2.07
2435;4214.3;3542;2.07
2436;4273.51;3530;2.07
2437;4337.6;3510;2.07
2438;4359.87;3537;2.07
2439;4325.39;3532;2.07
2440;4236.58;3527;2.07
2441;4162.42;3554;2.07
2442;4226.51;3544;2.07
2443;4320.2;3540;2.07
2444;4384.29;3493;2.07
2445;4409.01;3542;2.07
2446;4367.2;3552;2.07
2447;4275.95;3567;2.07
2448;4248.79;3540;2.07
2449;4320.2;3554;2.07
2450;4394.36;3544;2.07
2451;4431.29;3522;2.07
2452;4411.45;3537;2.07
2453;4320.2;3540;2.07
2454;4211.86;3584;2.07
2455;4214.3;3540;2.07
2456;4278.39;3525;2.07
2457;4332.71;3512;2.07
2458;4354.99;3535;2.07
2459;4305.55;3532;2.07
2460;4209.42;3530;2.07
2461;4155.1;3557;2.07
2462;4231.39;3542;2.07
2463;4325.39;3542;2.07
2464;4381.85;3485;2.07
2465;4399.24;3542;2.07
2466;4344.92;3552;2.07
2467;4256.11;3564;2.07
2468;4241.46;3542;2.07
2469;4307.99;3547;2.07
2470;4389.48;3544;2.07
2471;4426.4;3520;2.07
2472;4413.89;3540;2.07
2473;4322.64;3537;2.07
2474;4214.3;3589;2.07
2475;4211.86;3540;2.07
2476;4271.07;3527;2.07
2477;4327.83;3515;2.07
2478;4349.8;3535;2.07
2479;4305.55;3530;2.07
2480;4206.98;3530;2.07
2481;4150.21;3559;2.07
2482;4219.18;3542;2.07
2483;4312.88;3542;2.07
2484;4372.08;3493;2.07
2485;4391.92;3542;2.07
2486;4344.92;3552;2.07
2487;4256.11;3564;2.07
2488;4243.9;3542;2.07
2489;4315.32;3549;2.07
2490;4389.48;3542;2.07
2491;4426.4;3520;2.07
2492;4419.08;3537;2.07
2493;4344.92;3537;2.07
2494;4234.14;3591;2.07
2495;4196.91;3537;2.08
2496;4251.23;3527;2.08
2497;4312.88;3517;2.08
2498;4347.36;3535;2.08
2499;4320.2;3527;2.08
2500;4234.14;3532;2.08
2501;4147.77;3557;2.08
2502;4196.91;3544;2.08
2503;4290.6;3540;2.08
2504;4359.87;3483;2.08
2505;4394.36;3544;2.08
2506;4362.32;3552;2.08
2507;4275.95;3562;2.08
2508;4231.39;3544;2.08
2509;4290.6;3549;2.08
2510;4369.64;3544;2.08
2511;4411.45;3517;2.08
2512;4404.13;3540;2.08
2513;4325.39;3537;2.08
2514;4214.3;3599;2.08
2515;4199.35;3537;2.08
2516;4253.67;3525;2.08
2517;4312.88;3520;2.08
2518;4342.48;3535;2.08
2519;4305.55;3530;2.08
2520;4214.3;3532;2.08
2521;4140.14;3557;2.08
2522;4202.09;3542;2.08
2523;4298.23;3542;2.08
2524;4362.32;3480;2.08
2525;4387.04;3544;2.08
2526;4347.36;3552;2.08
2527;4260.99;3557;2.08
2528;4231.39;3540;2.08
2529;4305.55;3549;2.08
2530;4376.96;3549;2.08
2531;4419.08;3522;2.08
2532;4401.68;3540;2.08
2533;4307.99;3537;2.08
2534;4204.54;3604;2.08
2535;4204.54;3532;2.08
2536;4266.18;3527;2.08
2537;4320.2;3525;2.08
2538;4340.04;3532;2.08
2539;4293.34;3530;2.08
2540;4236.58;3532;2.08
2541;4142.89;3554;2.08
2542;4177.37;3542;2.08
2543;4275.95;3542;2.08
2544;4344.92;3475;2.08
2545;4384.29;3544;2.08
2546;4359.87;3552;2.08
2547;4280.83;3554;2.08
2548;4219.18;3542;2.08
2549;4278.39;3549;2.08
2550;4359.87;3544;2.08
2551;4404.13;3520;2.08
2552;4404.13;3540;2.08
2553;4330.27;3537;2.08
2554;4216.74;3606;2.08
2555;4187.14;3535;2.08
2556;4239.02;3527;2.08
2557;4300.67;3525;2.08
2558;4330.27;3535;2.08
2559;4303.11;3532;2.08
2560;4216.74;3532;2.08
2561;4135.26;3557;2.08
2562;4187.14;3542;2.08
2563;4278.39;3540;2.08
2564;4344.92;3473;2.08
2565;4376.96;3549;2.08
2566;4344.92;3552;2.08
2567;4258.55;3552;2.08
2568;4216.74;3544;2.08
2569;4280.83;3549;2.08
2570;4357.43;3544;2.08
2571;4399.24;3520;2.08
2572;4389.48;3542;2.08
2573;4305.55;3537;2.08
2574;4194.46;3611;2.08
2575;4182.26;3532;2.08
2576;4243.9;3530;2.08
2577;4303.11;3527;2.08
2578;4327.83;3535;2.08
2579;4288.16;3530;2.08
2580;4194.46;3530;2.08
2581;4130.38;3557;2.08
2582;4196.91;3542;2.08
2583;4288.16;3540;2.08
2584;4352.24;3471;2.08
2585;4374.52;3547;2.08
2586;4332.71;3554;2.08
2587;4243.9;3547;2.08
2588;4216.74;3544;2.09
2589;4275.95;3549;2.09
2590;4352.24;3547;2.09
2591;4396.8;3522;2.09
2592;4387.04;3540;2.09
2593;4307.99;3540;2.09
2594;4196.91;3611;2.09
2595;4182.26;3535;2.09
2596;4241.46;3530;2.09
2597;4300.67;3505;2.09
2598;4322.64;3540;2.09
2599;4290.6;3530;2.09
2600;4199.35;3522;2.09
2601;4130.38;3549;2.09
2602;4189.58;3544;2.09
2603;4285.71;3540;2.09
2604;4347.36;3532;2.09
2605;4369.64;3522;2.09
2606;4330.27;3557;2.09
2607;4241.46;3572;2.09
2608;4214.3;3537;2.09
2609;4280.83;3549;2.09
2610;4352.24;3552;2.09
2611;4389.48;3525;2.09
2612;4387.04;3535;2.09
2613;4322.64;3540;2.09
2614;4211.86;3549;2.09
2615;4167.3;3557;2.09
2616;4211.86;3527;2.09
2617;4278.39;3505;2.09
2618;4310.43;3537;2.09
2619;4298.23;3530;2.09
2620;4219.18;3525;2.09
2621;4125.49;3552;2.09
2622;4162.42;3544;2.09
2623;4256.11;3542;2.09
2624;4325.39;3532;2.09
2625;4362.32;3525;2.09
2626;4337.6;3557;2.09
2627;4260.99;3572;2.09
2628;4204.54;3540;2.09
2629;4258.55;3549;2.09
2630;4335.15;3552;2.09
2631;4376.96;3522;2.09
2632;4379.41;3535;2.09
2633;4305.55;3540;2.09
2634;4196.91;3552;2.09
2635;4169.74;3557;2.09
2636;4219.18;3530;2.09
2637;4283.27;3500;2.09
2638;4312.88;3540;2.09
2639;4288.16;3530;2.09
2640;4202.09;3527;2.09
2641;4120.61;3554;2.09
2642;4172.49;3547;2.09
2643;4266.18;3540;2.09
2644;4327.83;3525;2.09
2645;4359.87;3527;2.09
2646;4330.27;3557;2.09
2647;4246.35;3576;2.09
2648;4204.54;3537;2.09
2649;4268.62;3552;2.09
2650;4342.48;3552;2.09
2651;4384.29;3522;2.09
2652;4374.52;3537;2.09
2653;4290.6;3542;2.09
2654;4184.7;3557;2.09
2655;4174.93;3552;2.09
2656;4234.14;3527;2.09
2657;4290.6;3503;2.09
2658;4312.88;3540;2.09
2659;4298.23;3530;2.09
2660;4226.51;3530;2.09
2661;4132.82;3557;2.09
2662;4152.65;3547;2.09
2663;4246.35;3542;2.09
2664;4317.76;3525;2.09
2665;4357.43;3527;2.09
2666;4340.04;3557;2.09
2667;4263.74;3576;2.09
2668;4199.35;3542;2.09
2669;4246.35;3552;2.09
2670;4322.64;3554;2.09
2671;4372.08;3522;2.09
2672;4381.85;3537;2.09
2673;4312.88;3542;2.09
2674;4202.09;3559;2.09
2675;4162.42;3552;2.09
2676;4214.3;3530;2.09
2677;4273.51;3503;2.09
2678;4307.99;3540;2.1
2679;4290.6;3530;2.1
2680;4209.42;3530;2.1
2681;4120.61;3557;2.1
2682;4164.86;3547;2.1
2683;4256.11;3540;2.1
2684;4325.39;3520;2.1
2685;4359.87;3530;2.1
2686;4332.71;3557;2.1
2687;4253.67;3576;2.1
2688;4202.09;3540;2.1
2689;4258.55;3549;2.1
2690;4332.71;3552;2.1
2691;4374.52;3527;2.1
2692;4372.08;3537;2.1
2693;4298.23;3540;2.1
2694;4184.7;3564;2.1
2695;4164.86;3549;2.1
2696;4221.63;3530;2.1
2697;4280.83;3503;2.1
2698;4307.99;3542;2.1
2699;4278.39;3530;2.1
2700;4192.02;3525;2.1
2701;4115.73;3557;2.1
2702;4174.93;3547;2.1
2703;4268.62;3544;2.1
2704;4327.83;3512;2.1
2705;4357.43;3532;2.1
2706;4320.2;3557;2.1
2707;4251.23;3576;2.1
2708;4194.46;3542;2.1
2709;4248.79;3554;2.1
2710;4322.64;3552;2.1
2711;4367.2;3522;2.1
2712;4369.64;3540;2.1
2713;4298.23;3542;2.1
2714;4187.14;3569;2.1
2715;4159.98;3544;2.1
2716;4219.18;3530;2.1
2717;4275.95;3507;2.1
2718;4305.55;3540;2.1
2719;4280.83;3532;2.1
2720;4196.91;3527;2.1
2721;4120.61;3559;2.1
2722;4167.3;3547;2.1
2723;4260.99;3542;2.1
2724;4325.39;3510;2.1
2725;4357.43;3540;2.1
2726;4322.64;3557;2.1
2727;4236.58;3574;2.1
2728;4199.35;3542;2.1
2729;4260.99;3552;2.1
2730;4307.99;3549;2.1
2731;4359.87;3525;2.1
2732;4376.96;3535;2.1
2733;4317.76;3540;2.1
2734;4211.86;3574;2.1
2735;4155.1;3544;2.1
2736;4199.35;3527;2.1
2737;4263.74;3507;2.1
2738;4300.67;3540;2.1
2739;4293.34;3530;2.1
2740;4221.63;3532;2.1
2741;4127.93;3554;2.1
2742;4145.33;3547;2.1
2743;4236.58;3542;2.1
2744;4312.88;3505;2.1
2745;4352.24;3537;2.1
2746;4337.6;3557;2.1
2747;4263.74;3569;2.1
2748;4196.91;3542;2.1
2749;4241.46;3552;2.1
2750;4320.2;3552;2.1
2751;4367.2;3525;2.1
2752;4374.52;3537;2.1
2753;4307.99;3540;2.1
2754;4199.35;3582;2.1
2755;4159.98;3544;2.1
2756;4211.86;3530;2.1
2757;4271.07;3510;2.1
2758;4305.55;3542;2.1
2759;4285.71;3530;2.1
2760;4204.54;3532;2.1
2761;4120.61;3557;2.1
2762;4157.54;3544;2.1
2763;4251.23;3542;2.1
2764;4315.32;3498;2.1
2765;4349.8;3540;2.1
2766;4325.39;3557;2.1
2767;4246.35;3569;2.1
2768;4196.91;3542;2.11
2769;4253.67;3549;2.11
2770;4327.83;3549;2.11
2771;4372.08;3522;2.11
2772;4369.64;3542;2.11
2773;4293.34;3542;2.11
2774;4184.7;3589;2.11
2775;4167.3;3544;2.11
2776;4221.63;3527;2.11
2777;4280.83;3515;2.11
2778;4300.67;3540;2.11
2779;4298.23;3530;2.11
2780;4231.39;3530;2.11
2781;4132.82;3554;2.11
2782;4135.26;3544;2.11
2783;4226.51;3542;2.11
2784;4303.11;3530;2.11
2785;4349.8;3522;2.11
2786;4337.6;3554;2.11
2787;4268.62;3576;2.11
2788;4194.46;3540;2.11
2789;4231.39;3552;2.11
2790;4310.43;3552;2.11
2791;4364.76;3527;2.11
2792;4376.96;3537;2.11
2793;4317.76;3542;2.11
2794;4214.3;3554;2.11
2795;4157.54;3557;2.11
2796;4206.98;3525;2.11
2797;4268.62;3505;2.11
2798;4307.99;3540;2.11
2799;4295.79;3532;2.11
2800;4216.74;3525;2.11
2801;4125.49;3552;2.11
2802;4150.21;3549;2.11
2803;4241.46;3542;2.11
2804;4310.43;3527;2.11
2805;4349.8;3527;2.11
2806;4330.27;3559;2.11
2807;4253.67;3579;2.11
2808;4192.02;3540;2.11
2809;4243.9;3552;2.11
2810;4317.76;3552;2.11
2811;4364.76;3525;2.11
2812;4369.64;3535;2.11
2813;4298.23;3540;2.11
2814;4189.58;3552;2.11
2815;4159.98;3554;2.11
2816;4211.86;3525;2.11
2817;4273.51;3503;2.11
2818;4303.11;3542;2.11
2819;4283.27;3530;2.11
2820;4202.09;3525;2.11
2821;4115.73;3557;2.11
2822;4159.98;3549;2.11
2823;4251.23;3540;2.11
2824;4320.2;3525;2.11
2825;4349.8;3527;2.11
2826;4332.71;3557;2.11
2827;4258.55;3579;2.11
2828;4192.02;3537;2.11
2829;4236.58;3552;2.11
2830;4312.88;3549;2.11
2831;4359.87;3525;2.11
2832;4367.2;3535;2.11
2833;4300.67;3542;2.11
2834;4189.58;3557;2.11
2835;4152.65;3554;2.11
2836;4204.54;3527;2.11
2837;4268.62;3503;2.11
2838;4300.67;3542;2.11
2839;4280.83;3530;2.11
2840;4202.09;3527;2.11
2841;4115.73;3554;2.11
2842;4155.1;3547;2.11
2843;4246.35;3540;2.11
2844;4315.32;3520;2.11
2845;4349.8;3532;2.11
2846;4322.64;3559;2.11
2847;4243.9;3582;2.11
2848;4192.02;3537;2.11
2849;4219.18;3549;2.11
2850;4295.79;3552;2.11
2851;4352.24;3525;2.11
2852;4374.52;3537;2.11
2853;4322.64;3540;2.11
2854;4219.18;3562;2.11
2855;4147.77;3549;2.11
2856;4187.14;3525;2.11
2857;4253.67;3503;2.11
2858;4293.34;3540;2.12
2859;4293.34;3530;2.12
2860;4226.51;3525;2.12
2861;4130.38;3557;2.12
2862;4135.26;3549;2.12
2863;4226.51;3542;2.12
2864;4300.67;3510;2.12
2865;4347.36;3540;2.12
2866;4337.6;3557;2.12
2867;4266.18;3574;2.12
2868;4189.58;3540;2.12
2869;4228.95;3552;2.12
2870;4305.55;3549;2.12
2871;4357.43;3522;2.12
2872;4367.2;3535;2.12
2873;4307.99;3540;2.12
2874;4199.35;3567;2.12
2875;4150.21;3544;2.12
2876;4194.46;3527;2.12
2877;4260.99;3503;2.12
2878;4295.79;3542;2.12
2879;4288.16;3527;2.12
2880;4211.86;3527;2.12
2881;4120.61;3537;2.12
2882;4147.77;3552;2.12
2883;4241.46;3542;2.12
2884;4307.99;3530;2.12
2885;4349.8;3485;2.12
2886;4327.83;3559;2.12
2887;4253.67;3552;2.12
2888;4192.02;3535;2.12
2889;4239.02;3552;2.12
2890;4315.32;3552;2.12
2891;4359.87;3542;2.12
2892;4367.2;3527;2.12
2893;4295.79;3540;2.12
2894;4182.26;3552;2.12
2895;4150.21;3594;2.12
2896;4206.98;3525;2.12
2897;4246.35;3525;2.12
2898;4288.16;3544;2.12
2899;4293.34;3530;2.12
2900;4234.14;3530;2.12
2901;4135.26;3537;2.12
2902;4127.93;3552;2.12
2903;4214.3;3542;2.12
2904;4293.34;3530;2.12
2905;4342.48;3490;2.12
2906;4337.6;3559;2.12
2907;4271.07;3554;2.12
2908;4194.46;3535;2.12
2909;4216.74;3549;2.12
2910;4295.79;3552;2.12
2911;4349.8;3540;2.12
2912;4367.2;3530;2.12
2913;4312.88;3542;2.12
2914;4209.42;3552;2.12
2915;4147.77;3587;2.12
2916;4189.58;3525;2.12
2917;4253.67;3525;2.12
2918;4290.6;3542;2.12
2919;4285.71;3530;2.12
2920;4219.18;3530;2.12
2921;4123.05;3540;2.12
2922;4140.14;3549;2.12
2923;4228.95;3540;2.12
2924;4300.67;3530;2.12
2925;4344.92;3493;2.12
2926;4332.71;3559;2.12
2927;4258.55;3554;2.12
2928;4187.14;3532;2.12
2929;4228.95;3549;2.12
2930;4300.67;3547;2.12
2931;4352.24;3537;2.12
2932;4364.76;3530;2.12
2933;4300.67;3540;2.12
2934;4189.58;3547;2.12
2935;4142.89;3584;2.12
2936;4196.91;3525;2.12
2937;4258.55;3522;2.12
2938;4293.34;3542;2.12
2939;4280.83;3530;2.12
2940;4202.09;3525;2.12
2941;4113.29;3540;2.12
2942;4150.21;3552;2.12
2943;4241.46;3540;2.12
2944;4298.23;3527;2.12
2945;4344.92;3493;2.12
2946;4332.71;3557;2.13
2947;4266.18;3557;2.13
2948;4192.02;3532;2.13
2949;4226.51;3552;2.13
2950;4303.11;3549;2.13
2951;4354.99;3535;2.13
2952;4364.76;3530;2.13
2953;4305.55;3542;2.13
2954;4196.91;3547;2.13
2955;4142.89;3582;2.13
2956;4192.02;3525;2.13
2957;4253.67;3517;2.13
2958;4290.6;3544;2.13
2959;4275.95;3530;2.13
2960;4202.09;3527;2.13
2961;4110.84;3544;2.13
2962;4137.7;3549;2.13
2963;4231.39;3542;2.13
2964;4300.67;3532;2.13
2965;4337.6;3500;2.13
2966;4320.2;3557;2.13
2967;4246.35;3554;2.13
2968;4194.46;3535;2.13
2969;4206.98;3549;2.13
2970;4280.83;3549;2.13
2971;4340.04;3532;2.13
2972;4367.2;3527;2.13
2973;4325.39;3540;2.13
2974;4226.51;3544;2.13
2975;4142.89;3576;2.13
2976;4179.82;3522;2.13
2977;4239.02;3517;2.13
2978;4285.71;3542;2.13
2979;4290.6;3527;2.13
2980;4226.51;3525;2.13
2981;4130.38;3544;2.13
2982;4120.61;3549;2.13
2983;4209.42;3542;2.13
2984;4288.16;3532;2.13
2985;4337.6;3505;2.13
2986;4337.6;3557;2.13
2987;4266.18;3557;2.13
2988;4192.02;3532;2.13
2989;4216.74;3549;2.13
2990;4293.34;3549;2.13
2991;4349.8;3532;2.13
2992;4369.64;3525;2.13
2993;4317.76;3540;2.13
2994;4211.86;3544;2.13
2995;4145.33;3572;2.13
2996;4187.14;3525;2.13
2997;4251.23;3517;2.13
2998;4290.6;3542;2.13
2999;4285.71;3530;2.13
3000;4216.74;3527;2.13
3001;4120.61;3544;2.13
3002;4132.82;3549;2.13
3003;4224.07;3540;2.13
3004;4298.23;3532;2.13
3005;4342.48;3500;2.13
3006;4330.27;3559;2.13
3007;4256.11;3562;2.13
3008;4187.14;3530;2.13
3009;4228.95;3549;2.13
3010;4305.55;3549;2.13
3011;4357.43;3532;2.13
3012;4367.2;3527;2.13
3013;4305.55;3542;2.13
3014;4196.91;3544;2.13
3015;4150.21;3572;2.13
3016;4174.93;3522;2.13
3017;4239.02;3510;2.13
3018;4285.71;3542;2.13
3019;4295.79;3530;2.13
3020;4241.46;3522;2.13
3021;4140.14;3544;2.13
3022;4118.17;3552;2.13
3023;4199.35;3540;2.13
3024;4283.27;3535;2.13
3025;4332.71;3507;2.13
3026;4340.04;3557;2.13
3027;4280.83;3564;2.13
3028;4199.35;3535;2.13
3029;4216.74;3549;2.13
3030;4293.34;3549;2.13
3031;4352.24;3530;2.13
3032;4374.52;3532;2.13
3033;4327.83;3537;2.13
3034;4228.95;3542;2.14
3035;4152.65;3567;2.14
3036;4184.7;3522;2.14
3037;4246.35;3510;2.14
3038;4290.6;3540;2.14
3039;4290.6;3527;2.14
3040;4228.95;3522;2.14
3041;4127.93;3544;2.14
3042;4125.49;3549;2.14
3043;4214.3;3542;2.14
3044;4290.6;3530;2.14
3045;4337.6;3512;2.14
3046;4335.15;3554;2.14
3047;4266.18;3564;2.14
3048;4189.58;3535;2.14
3049;4221.63;3549;2.14
3050;4300.67;3552;2.14
3051;4354.99;3527;2.14
3052;4369.64;3530;2.14
3053;4315.32;3537;2.14
3054;4209.42;3542;2.14
3055;4147.77;3567;2.14
3056;4192.02;3525;2.14
3057;4256.11;3507;2.14
3058;4295.79;3540;2.14
3059;4283.27;3530;2.14
3060;4209.42;3522;2.14
3061;4118.17;3547;2.14
3062;4132.82;3547;2.14
3063;4209.42;3540;2.14
3064;4290.6;3532;2.14
3065;4337.6;3515;2.14
3066;4335.15;3557;2.14
3067;4268.62;3552;2.14
3068;4192.02;3540;2.14
3069;4216.74;3542;2.14
3070;4295.79;3547;2.14
3071;4349.8;3544;2.14
3072;4369.64;3522;2.14
3073;4322.64;3540;2.14
3074;4216.74;3547;2.14
3075;4150.21;3609;2.14
3076;4189.58;3525;2.14
3077;4253.67;3522;2.14
3078;4295.79;3537;2.14
3079;4288.16;3527;2.14
3080;4216.74;3530;2.14
3081;4120.61;3527;2.14
3082;4132.82;3549;2.14
3083;4221.63;3542;2.14
3084;4298.23;3532;2.14
3085;4342.48;3466;2.14
3086;4327.83;3554;2.14
3087;4288.16;3554;2.14
3088;4204.54;3537;2.14
3089;4202.09;3542;2.14
3090;4275.95;3544;2.14
3091;4335.15;3549;2.14
3092;4369.64;3522;2.14
3093;4337.6;3537;2.14
3094;4241.46;3547;2.14
3095;4150.21;3606;2.14
3096;4174.93;3522;2.14
3097;4236.58;3520;2.14
3098;4285.71;3540;2.14
3099;4295.79;3530;2.14
3100;4241.46;3527;2.14
3101;4145.33;3527;2.14
3102;4120.61;3552;2.14
3103;4206.98;3542;2.14
3104;4288.16;3530;2.14
3105;4337.6;3468;2.14
3106;4342.48;3552;2.14
3107;4285.71;3552;2.14
3108;4199.35;3535;2.14
3109;4214.3;3542;2.14
3110;4290.6;3544;2.14
3111;4349.8;3544;2.14
3112;4372.08;3522;2.14
3113;4330.27;3540;2.14
3114;4226.51;3544;2.14
3115;4150.21;3604;2.14
3116;4184.7;3525;2.14
3117;4248.79;3522;2.14
3118;4293.34;3540;2.14
3119;4293.34;3527;2.15
3120;4228.95;3527;2.15
3121;4130.38;3527;2.15
3122;4127.93;3547;2.15
3123;4216.74;3540;2.15
3124;4295.79;3530;2.15
3125;4342.48;3471;2.15
3126;4340.04;3554;2.15
3127;4268.62;3552;2.15
3128;4192.02;3535;2.15
3129;4224.07;3544;2.15
3130;4303.11;3544;2.15
3131;4357.43;3542;2.15
3132;4372.08;3525;2.15
3133;4317.76;3540;2.15
3134;4211.86;3544;2.15
3135;4159.98;3601;2.15
3136;4172.49;3525;2.15
3137;4236.58;3522;2.15
3138;4285.71;3537;2.15
3139;4300.67;3527;2.15
3140;4251.23;3527;2.15
3141;4157.54;3527;2.15
3142;4118.17;3552;2.15
3143;4196.91;3540;2.15
3144;4280.83;3530;2.15
3145;4335.15;3473;2.15
3146;4347.36;3554;2.15
3147;4293.34;3549;2.15
3148;4204.54;3532;2.15
3149;4211.86;3544;2.15
3150;4283.27;3544;2.15
3151;4344.92;3542;2.15
3152;4369.64;3522;2.15
3153;4335.15;3537;2.15
3154;4236.58;3547;2.15
3155;4147.77;3599;2.15
3156;4179.82;3522;2.15
3157;4243.9;3522;2.15
3158;4290.6;3540;2.15
3159;4298.23;3527;2.15
3160;4241.46;3530;2.15
3161;4142.89;3530;2.15
3162;4127.93;3549;2.15
3163;4211.86;3540;2.15
3164;4293.34;3530;2.15
3165;4342.48;3475;2.15
3166;4342.48;3554;2.15
3167;4280.83;3547;2.15
3168;4199.35;3532;2.15
3169;4219.18;3544;2.15
3170;4293.34;3544;2.15
3171;4352.24;3540;2.15
3172;4374.52;3522;2.15
3173;4327.83;3535;2.15
3174;4224.07;3544;2.15
3175;4150.21;3596;2.15
3176;4189.58;3522;2.15
3177;4253.67;3520;2.15
3178;4295.79;3537;2.15
3179;4295.79;3527;2.15
3180;4228.95;3527;2.15
3181;4130.38;3530;2.15
3182;4140.14;3549;2.15
3183;4211.86;3540;2.15
3184;4293.34;3527;2.15
3185;4344.92;3480;2.15
3186;4349.8;3554;2.15
3187;4290.6;3552;2.15
3188;4204.54;3535;2.15
3189;4219.18;3547;2.15
3190;4293.34;3547;2.15
3191;4352.24;3542;2.15
3192;4376.96;3522;2.15
3193;4332.71;3537;2.15
3194;4228.95;3544;2.15
3195;4152.65;3591;2.15
3196;4189.58;3522;2.15
3197;4253.67;3522;2.15
3198;4298.23;3537;2.15
3199;4303.11;3525;2.15
3200;4239.02;3527;2.15
3201;4140.14;3530;2.15
3202;4137.7;3547;2.15
3203;4228.95;3542;2.16
3204;4303.11;3527;2.16
3205;4352.24;3480;2.16
3206;4347.36;3554;2.16
3207;4312.88;3549;2.16
3208;4224.07;3532;2.16
3209;4206.98;3544;2.16
3210;4278.39;3544;2.16
3211;4344.92;3537;2.16
3212;4379.41;3522;2.16
3213;4352.24;3535;2.16
3214;4260.99;3547;2.16
3215;4162.42;3591;2.16
3216;4177.37;3522;2.16
3217;4239.02;3522;2.16
3218;4293.34;3537;2.16
3219;4310.43;3525;2.16
3220;4260.99;3525;2.16
3221;4164.86;3530;2.16
3222;4125.49;3547;2.16
3223;4206.98;3540;2.16
3224;4293.34;3527;2.16
3225;4347.36;3483;2.16
3226;4357.43;3557;2.16
3227;4303.11;3547;2.16
3228;4216.74;3532;2.16
3229;4219.18;3547;2.16
3230;4290.6;3544;2.16
3231;4354.99;3535;2.16
3232;4384.29;3522;2.16
3233;4349.8;3532;2.16
3234;4253.67;3547;2.16
3235;4162.42;3589;2.16
3236;4192.02;3520;2.16
3237;4256.11;3520;2.16
3238;4300.67;3540;2.16
3239;4310.43;3527;2.16
3240;4253.67;3525;2.16
3241;4152.65;3532;2.16
3242;4125.49;3547;2.16
3243;4206.98;3540;2.16
3244;4293.34;3525;2.16
3245;4340.04;3483;2.16
3246;4347.36;3554;2.16
3247;4280.83;3549;2.16
3248;4199.35;3530;2.16
3249;4219.18;3544;2.16
3250;4303.11;3544;2.16
3251;4364.76;3535;2.16
3252;4389.48;3520;2.16
3253;4347.36;3535;2.16
3254;4288.16;3544;2.16
3255;4182.26;3587;2.16
3256;4184.7;3520;2.16
3257;4246.35;3520;2.16
3258;4303.11;3532;2.16
3259;4322.64;3525;2.16
3260;4280.83;3525;2.16
3261;4187.14;3527;2.16
3262;4120.61;3544;2.16
3263;4182.26;3540;2.16
3264;4275.95;3527;2.16
3265;4337.6;3463;2.16
3266;4354.99;3552;2.16
3267;4307.99;3549;2.16
3268;4216.74;3532;2.16
3269;4211.86;3544;2.16
3270;4285.71;3542;2.16
3271;4354.99;3542;2.16
3272;4391.92;3520;2.16
3273;4367.2;3535;2.16
3274;4273.51;3540;2.16
3275;4174.93;3609;2.16
3276;4192.02;3520;2.16
3277;4258.55;3517;2.16
3278;4310.43;3532;2.16
3279;4322.64;3525;2.16
3280;4268.62;3525;2.16
3281;4167.3;3527;2.16
3282;4132.82;3544;2.16
3283;4206.98;3537;2.16
3284;4293.34;3527;2.17
3285;4344.92;3466;2.17
3286;4357.43;3552;2.17
3287;4298.23;3549;2.17
3288;4209.42;3532;2.17
3289;4219.18;3542;2.17
3290;4298.23;3544;2.17
3291;4362.32;3540;2.17
3292;4391.92;3517;2.17
3293;4364.76;3535;2.17
3294;4266.18;3540;2.17
3295;4174.93;3606;2.17
3296;4206.98;3522;2.17
3297;4268.62;3517;2.17
3298;4317.76;3535;2.17
3299;4320.2;3525;2.17
3300;4260.99;3525;2.17
3301;4155.1;3525;2.17
3302;4110.84;3549;2.17
3303;4179.82;3537;2.17
3304;4278.39;3525;2.17
3305;4337.6;3463;2.17
3306;4352.24;3549;2.17
3307;4300.67;3547;2.17
3308;4216.74;3527;2.17
3309;4219.18;3542;2.17
3310;4298.23;3542;2.17
3311;4367.2;3537;2.17
3312;4399.24;3520;2.17
3313;4369.64;3532;2.17
3314;4273.51;3542;2.17
3315;4179.82;3601;2.17
3316;4206.98;3520;2.17
3317;4271.07;3517;2.17
3318;4320.2;3537;2.17
3319;4327.83;3522;2.17
3320;4268.62;3525;2.17
3321;4164.86;3525;2.17
3322;4142.89;3547;2.17
3323;4226.51;3530;2.17
3324;4310.43;3522;2.17
3325;4362.32;3471;2.17
3326;4369.64;3549;2.17
3327;4327.83;3547;2.17
3328;4243.9;3527;2.17
3329;4214.3;3542;2.17
3330;4280.83;3542;2.17
3331;4357.43;3540;2.17
3332;4396.8;3517;2.17
3333;4379.41;3537;2.17
3334;4293.34;3540;2.17
3335;4184.7;3596;2.17
3336;4189.58;3520;2.17
3337;4248.79;3522;2.17
3338;4305.55;3537;2.17
3339;4325.39;3525;2.17
3340;4283.27;3525;2.17
3341;4189.58;3527;2.17
3342;4130.38;3547;2.17
3343;4204.54;3535;2.17
3344;4295.79;3522;2.17
3345;4349.8;3473;2.17
3346;4367.2;3552;2.17
3347;4315.32;3547;2.17
3348;4228.95;3530;2.17
3349;4216.74;3542;2.17
3350;4293.34;3540;2.17
3351;4364.76;3535;2.17
3352;4394.36;3520;2.17
3353;4372.08;3532;2.17
3354;4275.95;3530;2.17
3355;4179.82;3596;2.17
3356;4199.35;3527;2.17
3357;4263.74;3520;2.17
3358;4312.88;3512;2.17
3359;4327.83;3530;2.17
3360;4273.51;3525;2.17
3361;4172.49;3522;2.17
3362;4137.7;3549;2.17
3363;4214.3;3537;2.17
3364;4300.67;3537;2.18
3365;4354.99;3473;2.18
3366;4364.76;3540;2.18
3367;4305.55;3547;2.18
3368;4221.63;3549;2.18
3369;4228.95;3537;2.18
3370;4307.99;3540;2.18
3371;4372.08;3537;2.18
3372;4401.68;3515;2.18
3373;4359.87;3532;2.18
3374;4303.11;3527;2.18
3375;4194.46;3596;2.18
3376;4184.7;3530;2.18
3377;4243.9;3522;2.18
3378;4303.11;3517;2.18
3379;4330.27;3527;2.18
3380;4295.79;3525;2.18
3381;4202.09;3525;2.18
3382;4132.82;3549;2.18
3383;4194.46;3535;2.18
3384;4288.16;3535;2.18
3385;4352.24;3468;2.18
3386;4374.52;3537;2.18
3387;4332.71;3547;2.18
3388;4243.9;3547;2.18
3389;4224.07;3535;2.18
3390;4295.79;3540;2.18
3391;4369.64;3540;2.18
3392;4404.13;3515;2.18
3393;4384.29;3535;2.18
3394;4293.34;3530;2.18
3395;4189.58;3601;2.18
3396;4196.91;3527;2.18
3397;4260.99;3522;2.18
3398;4315.32;3517;2.18
3399;4335.15;3527;2.18
3400;4288.16;3525;2.18
3401;4187.14;3522;2.18
3402;4137.7;3549;2.18
3403;4211.86;3535;2.18
3404;4303.11;3537;2.18
3405;4357.43;3463;2.18
3406;4374.52;3542;2.18
3407;4317.76;3544;2.18
3408;4231.39;3544;2.18
3409;4228.95;3537;2.18
3410;4307.99;3544;2.18
3411;4374.52;3540;2.18
3412;4406.57;3520;2.18
3413;4381.85;3532;2.18
3414;4283.27;3527;2.18
3415;4187.14;3606;2.18
3416;4214.3;3525;2.18
3417;4275.95;3522;2.18
3418;4327.83;3520;2.18
3419;4337.6;3527;2.18
3420;4280.83;3522;2.18
3421;4179.82;3525;2.18
3422;4135.26;3544;2.18
3423;4202.09;3540;2.18
3424;4295.79;3535;2.18
3425;4357.43;3460;2.18
3426;4374.52;3542;2.18
3427;4322.64;3547;2.18
3428;4234.14;3542;2.18
3429;4226.51;3537;2.18
3430;4303.11;3542;2.18
3431;4374.52;3540;2.18
3432;4411.45;3520;2.18
3433;4389.48;3532;2.18
3434;4295.79;3530;2.18
3435;4196.91;3604;2.18
3436;4214.3;3530;2.18
3437;4275.95;3520;2.18
3438;4330.27;3522;2.18
3439;4340.04;3527;2.18
3440;4288.16;3522;2.18
3441;4187.14;3522;2.19
3442;4145.33;3547;2.19
3443;4226.51;3537;2.19
3444;4317.76;3535;2.19
3445;4349.8;3460;2.19
3446;4379.41;3542;2.19
3447;4344.92;3547;2.19
3448;4260.99;3542;2.19
3449;4219.18;3537;2.19
3450;4285.71;3540;2.19
3451;4364.76;3540;2.19
3452;4409.01;3517;2.19
3453;4401.68;3532;2.19
3454;4317.76;3535;2.19
3455;4209.42;3606;2.19
3456;4199.35;3525;2.19
3457;4260.99;3522;2.19
3458;4317.76;3527;2.19
3459;4344.92;3525;2.19
3460;4307.99;3525;2.19
3461;4214.3;3525;2.19
3462;4142.89;3547;2.19
3463;4211.86;3537;2.19
3464;4303.11;3532;2.19
3465;4362.32;3458;2.19
3466;4387.04;3547;2.19
3467;4344.92;3547;2.19
3468;4256.11;3540;2.19
3469;4231.39;3540;2.19
3470;4305.55;3544;2.19
3471;4379.41;3542;2.19
3472;4419.08;3515;2.19
3473;4396.8;3535;2.19
3474;4310.43;3535;2.19
3475;4202.09;3609;2.19
3476;4209.42;3525;2.19
3477;4273.51;3520;2.19
3478;4332.71;3527;2.19
3479;4349.8;3522;2.19
3480;4300.67;3525;2.19
3481;4204.54;3522;2.19
3482;4150.21;3544;2.19
3483;4216.74;3532;2.19
3484;4310.43;3532;2.19
3485;4367.2;3456;2.19
3486;4379.41;3547;2.19
3487;4327.83;3547;2.19
3488;4239.02;3540;2.19
3489;4239.02;3537;2.19
3490;4315.32;3542;2.19
3491;4387.04;3542;2.19
3492;4421.52;3517;2.19
3493;4411.45;3532;2.19
3494;4335.15;3537;2.19
3495;4226.51;3606;2.19
3496;4202.09;3522;2.19
3497;4260.99;3520;2.19
3498;4320.2;3532;2.19
3499;4349.8;3525;2.19
3500;4322.64;3525;2.19
3501;4231.39;3520;2.19
3502;4150.21;3547;2.19
3503;4206.98;3537;2.19
3504;4300.67;3527;2.19
3505;4367.2;3458;2.19
3506;4394.36;3547;2.19
3507;4357.43;3547;2.19
3508;4268.62;3535;2.19
3509;4231.39;3540;2.19
3510;4300.67;3542;2.19
3511;4381.85;3542;2.19
3512;4421.52;3517;2.19
3513;4411.45;3535;2.19
3514;4322.64;3537;2.19
3515;4211.86;3611;2.19
3516;4209.42;3525;2.2
3517;4271.07;3522;2.2
3518;4327.83;3530;2.2
3519;4349.8;3525;2.2
3520;4312.88;3525;2.2
3521;4211.86;3520;2.2
3522;4152.65;3549;2.2
3523;4221.63;3537;2.2
3524;4312.88;3525;2.2
3525;4374.52;3458;2.2
3526;4396.8;3544;2.2
3527;4347.36;3544;2.2
3528;4258.55;3535;2.2
3529;4241.46;3540;2.2
3530;4317.76;3542;2.2
3531;4389.48;3540;2.2
3532;4426.4;3515;2.2
3533;4401.68;3535;2.2
3534;4307.99;3537;2.2
3535;4206.98;3611;2.2
3536;4216.74;3522;2.2
3537;4280.83;3520;2.2
3538;4337.6;3532;2.2
3539;4354.99;3522;2.2
3540;4300.67;3522;2.2
3541;4221.63;3520;2.2
3542;4155.1;3544;2.2
3543;4214.3;3535;2.2
3544;4307.99;3530;2.2
3545;4374.52;3456;2.2
3546;4399.24;3525;2.2
3547;4354.99;3547;2.2
3548;4266.18;3567;2.2
3549;4243.9;3532;2.2
3550;4317.76;3542;2.2
3551;4391.92;3542;2.2
3552;4431.29;3517;2.2
3553;4409.01;3532;2.2
3554;4317.76;3535;2.2
3555;4211.86;3557;2.2
3556;4216.74;3540;2.2
3557;4285.71;3520;2.2
3558;4344.92;3495;2.2
3559;4362.32;3527;2.2
3560;4312.88;3527;2.2
3561;4214.3;3520;2.2
3562;4164.86;3549;2.2
3563;4241.46;3537;2.2
3564;4298.23;3535;2.2
3565;4372.08;3500;2.2
3566;4404.13;3527;2.2
3567;4376.96;3544;2.2
3568;4293.34;3567;2.2
3569;4241.46;3532;2.2
3570;4300.67;3542;2.2
3571;4379.41;3540;2.2
3572;4426.4;3515;2.2
3573;4423.96;3530;2.2
3574;4342.48;3532;2.2
3575;4231.39;3567;2.2
3576;4209.42;3537;2.2
3577;4268.62;3520;2.2
3578;4332.71;3500;2.2
3579;4362.32;3527;2.2
3580;4330.27;3522;2.2
3581;4239.02;3520;2.2
3582;4159.98;3547;2.2
3583;4214.3;3535;2.2
3584;4312.88;3535;2.2
3585;4384.29;3495;2.2
3586;4406.57;3530;2.2
3587;4369.64;3544;2.2
3588;4283.27;3564;2.2
3589;4248.79;3535;2.2
3590;4315.32;3540;2.21
3591;4394.36;3540;2.21
3592;4436.17;3512;2.21
3593;4421.52;3530;2.21
3594;4330.27;3532;2.21
3595;4221.63;3567;2.21
3596;4219.18;3537;2.21
3597;4283.27;3515;2.21
3598;4342.48;3500;2.21
3599;4362.32;3530;2.21
3600;4322.64;3520;2.21
3601;4224.07;3522;2.21
3602;4159.98;3549;2.21
3603;4224.07;3537;2.21
3604;4320.2;3532;2.21
3605;4381.85;3493;2.21
3606;4404.13;3535;2.21
3607;4354.99;3544;2.21
3608;4263.74;3562;2.21
3609;4253.67;3532;2.21
3610;4327.83;3542;2.21
3611;4399.24;3542;2.21
3612;4426.4;3512;2.21
3613;4433.73;3527;2.21
3614;4367.2;3530;2.21
3615;4251.23;3569;2.21
3616;4216.74;3532;2.21
3617;4271.07;3517;2.21
3618;4340.04;3500;2.21
3619;4369.64;3525;2.21
3620;4349.8;3522;2.21
3621;4258.55;3522;2.21
3622;4172.49;3547;2.21
3623;4209.42;3535;2.21
3624;4303.11;3530;2.21
3625;4374.52;3485;2.21
3626;4406.57;3532;2.21
3627;4374.52;3542;2.21
3628;4288.16;3554;2.21
3629;4243.9;3532;2.21
3630;4305.55;3537;2.21
3631;4387.04;3542;2.21
3632;4431.29;3512;2.21
3633;4426.4;3530;2.21
3634;4342.48;3530;2.21
3635;4228.95;3579;2.21
3636;4216.74;3530;2.21
3637;4278.39;3520;2.21
3638;4340.04;3505;2.21
3639;4372.08;3525;2.21
3640;4335.15;3522;2.21
3641;4243.9;3520;2.21
3642;4169.74;3549;2.21
3643;4231.39;3535;2.21
3644;4327.83;3532;2.21
3645;4389.48;3478;2.21
3646;4416.64;3532;2.21
3647;4374.52;3544;2.21
3648;4280.83;3552;2.21
3649;4256.11;3532;2.21
3650;4327.83;3540;2.21
3651;4404.13;3540;2.21
3652;4443.49;3510;2.21
3653;4423.96;3530;2.21
3654;4335.15;3527;2.21
3655;4224.07;3584;2.21
3656;4234.14;3525;2.21
3657;4295.79;3517;2.21
3658;4357.43;3507;2.21
3659;4379.41;3525;2.21
3660;4347.36;3517;2.21
3661;4256.11;3520;2.22
3662;4174.93;3547;2.22
3663;4231.39;3535;2.22
3664;4327.83;3530;2.22
3665;4396.8;3473;2.22
3666;4421.52;3537;2.22
3667;4384.29;3549;2.22
3668;4293.34;3552;2.22
3669;4258.55;3532;2.22
3670;4327.83;3542;2.22
3671;4406.57;3537;2.22
3672;4443.49;3510;2.22
3673;4428.85;3530;2.22
3674;4342.48;3530;2.22
3675;4228.95;3589;2.22
3676;4228.95;3527;2.22
3677;4290.6;3517;2.22
3678;4352.24;3512;2.22
3679;4374.52;3525;2.22
3680;4330.27;3520;2.22
3681;4234.14;3522;2.22
3682;4174.93;3547;2.22
3683;4211.86;3535;2.22
3684;4307.99;3532;2.22
3685;4384.29;3463;2.22
3686;4423.96;3540;2.22
3687;4399.24;3544;2.22
3688;4317.76;3544;2.22
3689;4258.55;3537;2.22
3690;4312.88;3540;2.22
3691;4394.36;3537;2.22
3692;4443.49;3510;2.22
3693;4446.24;3530;2.22
3694;4374.52;3527;2.22
3695;4258.55;3591;2.22
3696;4221.63;3527;2.22
3697;4280.83;3517;2.22
3698;4344.92;3512;2.22
3699;4379.41;3525;2.22
3700;4352.24;3520;2.22
3701;4266.18;3522;2.22
3702;4174.93;3547;2.22
3703;4224.07;3535;2.22
3704;4320.2;3535;2.22
3705;4391.92;3466;2.22
3706;4426.4;3537;2.22
3707;4391.92;3544;2.22
3708;4305.55;3544;2.22
3709;4258.55;3535;2.22
3710;4325.39;3542;2.22
3711;4404.13;3535;2.22
3712;4448.68;3515;2.22
3713;4443.49;3532;2.22
3714;4359.87;3527;2.22
3715;4246.35;3596;2.22
3716;4226.51;3525;2.22
3717;4288.16;3515;2.22
3718;4354.99;3515;2.22
3719;4379.41;3527;2.22
3720;4342.48;3525;2.22
3721;4248.79;3522;2.22
3722;4174.93;3547;2.22
3723;4236.58;3535;2.22
3724;4335.15;3535;2.22
3725;4401.68;3460;2.22
3726;4426.4;3540;2.22
3727;4384.29;3547;2.22
3728;4290.6;3540;2.22
3729;4268.62;3537;2.22
3730;4342.48;3542;2.22
3731;4391.92;3535;2.23
3732;4446.24;3512;2.23
3733;4453.57;3530;2.23
3734;4389.48;3532;2.23
3735;4275.95;3601;2.23
3736;4226.51;3537;2.23
3737;4275.95;3515;2.23
3738;4344.92;3500;2.23
3739;4379.41;3527;2.23
3740;4362.32;3520;2.23
3741;4278.39;3515;2.23
3742;4182.26;3549;2.23
3743;4216.74;3537;2.23
3744;4312.88;3530;2.23
3745;4389.48;3498;2.23
3746;4426.4;3527;2.23
3747;4401.68;3544;2.23
3748;4317.76;3567;2.23
3749;4256.11;3532;2.23
3750;4312.88;3542;2.23
3751;4399.24;3540;2.23
3752;4448.68;3507;2.23
3753;4448.68;3527;2.23
3754;4372.08;3527;2.23
3755;4256.11;3564;2.23
3756;4228.95;3535;2.23
3757;4288.16;3517;2.23
3758;4354.99;3500;2.23
3759;4384.29;3527;2.23
3760;4354.99;3520;2.23
3761;4260.99;3517;2.23
3762;4182.26;3547;2.23
3763;4231.39;3540;2.23
3764;4330.27;3532;2.23
3765;4401.68;3493;2.23
3766;4433.73;3527;2.23
3767;4396.8;3547;2.23
3768;4305.55;3557;2.23
3769;4268.62;3532;2.23
3770;4335.15;3542;2.23
3771;4416.64;3540;2.23
3772;4456.01;3512;2.23
3773;4446.24;3527;2.23
3774;4359.87;3530;2.23
3775;4246.35;3572;2.23
3776;4236.58;3530;2.23
3777;4300.67;3515;2.23
3778;4359.87;3500;2.23
3779;4384.29;3525;2.23
3780;4359.87;3520;2.23
3781;4271.07;3522;2.23
3782;4179.82;3549;2.23
3783;4228.95;3535;2.23
3784;4327.83;3532;2.23
3785;4399.24;3485;2.23
3786;4431.29;3530;2.23
3787;4399.24;3544;2.23
3788;4312.88;3557;2.23
3789;4263.74;3530;2.23
3790;4327.83;3537;2.23
3791;4411.45;3537;2.23
3792;4456.01;3510;2.23
3793;4446.24;3527;2.23
3794;4364.76;3530;2.23
3795;4248.79;3579;2.23
3796;4231.39;3530;2.23
3797;4295.79;3515;2.23
3798;4357.43;3503;2.23
3799;4384.29;3525;2.24
3800;4349.8;3522;2.24
3801;4256.11;3522;2.24
3802;4179.82;3544;2.24
3803;4206.98;3535;2.24
3804;4303.11;3530;2.24
3805;4389.48;3480;2.24
3806;4431.29;3537;2.24
3807;4416.64;3544;2.24
3808;4340.04;3557;2.24
3809;4266.18;3532;2.24
3810;4310.43;3540;2.24
3811;4396.8;3537;2.24
3812;4451.12;3512;2.24
3813;4460.89;3530;2.24
3814;4394.36;3527;2.24
3815;4275.95;3587;2.24
3816;4226.51;3530;2.24
3817;4278.39;3517;2.24
3818;4347.36;3505;2.24
3819;4384.29;3525;2.24
3820;4367.2;3520;2.24
3821;4285.71;3522;2.24
3822;4187.14;3549;2.24
3823;4219.18;3537;2.24
3824;4320.2;3535;2.24
3825;4399.24;3471;2.24
